Entrance_timestamp,PREORE_FEM_ENTRANCE-Cond [ÂµS/cm],PREORE_FEM_ENTRANCE-Depth [m],PREORE_FEM_ENTRANCE-NH3 [mg/L],PREORE_FEM_ENTRANCE-NH4+ [mg/L],PREORE_FEM_ENTRANCE-NO3 -N [mg/L],PREORE_FEM_ENTRANCE-ODO [mg/L],PREORE_FEM_ENTRANCE-pH,PREORE_FEM_ENTRANCE-Sal [psu],PREORE_FEM_ENTRANCE-Temp [Â°C],PREORE_FEM_EXIT-Cond [ÂµS/cm],PREORE_FEM_EXIT-NH3 [mg/L],PREORE_FEM_EXIT-NH4+ [mg/L],PREORE_FEM_EXIT-NO3 -N [mg/L],PREORE_FEM_EXIT-ODO [mg/L],PREORE_FEM_EXIT-pH,PREORE_FEM_EXIT-Sal [psu],PREORE_FEM_EXIT-Temp [Â°C],PREORE_FEM_EXIT-Depth [m],PREORE_VAKI-CF,PREORE_VAKI-Length [mm],PREORE_VAKI-Weight [g],I_Ration_Per_SamplingFrequency,Energy_Acquisition(A),Catabolic_component(C),Somatic_tissue_energy_content(Epsilon),mathematical_computed_weight,Feed_ration,Feed_ration_3d,Feed_ration_7d,temp_3d,delta_PREORE_FEM_ENTRANCE-Temp [Â°C],delta_PREORE_FEM_ENTRANCE-ODO [mg/L],smooth_weight,log_weight,log_growth
2020-07-08 00:00:00+00:00,142.7,-0.115,0.01,0.3,1.41,13.71,7.78,0.08,15.356,145.2,0.01,1.27,6.5,11.23,7.55,0.08,15.759,0.7040000000000001,1.3,243.0,185.0,0.03777083333333334,431.17384162336765,42.75317016085681,1617298.302449751,280.634791332596,1024.165894592322,73324.49765265713,177018.25330231563,1214.284,0.0,0.0,174.1666666666667,5.160012695170857,0.0
2020-07-09 00:00:00+00:00,145.8,-0.104,0.01,0.27,1.43,13.75,7.8,0.08,15.821,148.6,0.01,1.09,20.98,11.38,7.54,0.08,16.372,0.721,1.39,286.0,327.0,0.0585875,437.61825494549544,44.679828242983284,1641470.7770296584,284.829216906066,1039.4732896567587,73324.49765265713,177018.25330231563,1214.284,-0.34800000000000075,0.05000000000000071,187.00000000000006,5.231108616854587,0.07109592168372991
2020-07-10 00:00:00+00:00,148.2,-0.114,0.0,0.24,1.38,13.66,7.76,0.08,16.604,150.9,0.01,1.04,45.14,11.28,7.56,0.08,17.043,0.708,1.25,245.0,184.0,0.037566666666666665,444.71022912034147,47.68795767755347,1668072.200137359,289.4451154151239,1056.3188340150627,73324.49765265713,177018.25330231563,1214.284,-0.12900000000000134,-0.09999999999999964,196.50000000000006,5.280662431309316,0.04955381445472895
2020-07-11 00:00:00+00:00,151.2,-0.135,0.0,0.21,1.41,13.49,7.78,0.08,17.2,154.5,0.01,1.05,42.1,11.04,7.56,0.08,17.79,0.691,2.18,194.0,160.0,0.031111111111111117,430.5713065236684,50.4354298569982,1693820.595152779,293.9129958620127,1022.7346948305661,73323.06645289538,177018.25330231563,1216.128,-0.3309999999999995,0.09999999999999964,202.6666666666668,5.311562593298058,0.030900161988742347
2020-07-12 00:00:00+00:00,134.2,-0.099,0.01,0.32,1.57,13.76,7.8,0.08,14.219,134.7,0.02,1.69,42.57,11.38,7.6,0.08,14.65,0.7240000000000001,1.35,299.0,360.0,0.062,441.2905199810262,41.47150724391231,1721988.9029082516,298.80078134795275,1048.196009456119,75068.50511199607,177018.25330231563,1200.265,-0.277000000000001,0.07000000000000028,208.0000000000001,5.337538079701319,0.02597548640326064
2020-07-13 00:00:00+00:00,144.2,-0.081,0.0,0.17,1.49,13.65,7.84,0.08,15.161,144.2,0.01,1.07,46.07,11.57,7.62,0.08,15.527,0.75,1.34,282.0,300.0,0.053750000000000006,466.27815127315296,44.86772275449078,1748971.7365141038,303.48286248726424,1107.5490529053513,76229.96307978207,177018.25330231563,1163.812,-0.1590000000000007,0.07000000000000028,204.42857142857156,5.320218630501138,-0.017319449200180692
2020-07-14 00:00:00+00:00,145.0,-0.106,0.0,0.17,1.52,13.63,7.85,0.08,15.437,146.9,0.02,1.22,45.23,11.57,7.62,0.08,15.838,0.7190000000000001,1.29,300.0,349.0,0.06252916666666666,474.00566960049656,46.321471090481076,1777957.0344763093,308.5124127149591,1125.904203326595,77503.04627913199,177018.25330231563,1121.1480000000001,-0.22500000000000142,0.08000000000000007,200.92857142857156,5.3029494788745986,-0.017269151626539525
2020-07-15 00:00:00+00:00,136.5,-0.148,0.01,0.28,1.62,14.62,7.88,0.08,13.423,137.6,0.01,1.36,41.02,12.64,7.63,0.08,13.768,0.677,1.48,264.0,272.0,0.04684444444444445,462.5547888394435,40.729478273701915,1804965.6117762022,313.1989609190009,1098.70496161388,77927.28727199876,177092.79236933717,1087.1689999999999,-0.1620000000000008,0.09999999999999964,194.69047619047632,5.271410995878609,-0.03153848299598927
2020-07-16 00:00:00+00:00,136.4,-0.142,0.01,0.31,1.65,14.48,7.88,0.08,13.379,137.6,0.01,1.41,38.96,12.59,7.61,0.08,13.666,0.682,1.47,236.0,193.0,0.03779583333333333,469.3355805248992,41.07762886073006,1831425.3871545384,317.7902806098453,1114.8113551660313,78652.81917752356,179271.9226056944,1052.776,-0.15399999999999991,0.05000000000000071,219.4761904761906,5.3912437549970855,0.11983275911847624
2020-07-17 00:00:00+00:00,142.6,-0.163,0.01,0.28,1.59,14.09,7.87,0.08,14.53,144.3,0.01,1.21,36.32,12.16,7.63,0.08,14.786,0.664,1.59,222.0,175.0,0.034270833333333334,477.8246448449427,45.174922547937975,1864551.1260800378,323.53828319972894,1134.975403432168,79525.6686350393,181865.64103333556,1011.6350000000001,-0.12900000000000134,0.0600000000000005,236.26190476190493,5.464940955630874,0.07369720063378882
2020-07-18 00:00:00+00:00,147.3,-0.139,0.01,0.27,1.59,13.88,7.86,0.09,15.421,148.3,0.01,1.12,34.54,11.93,7.63,0.09,15.856,0.688,1.51,211.0,142.0,0.028991666666666662,505.4708535866037,48.66076685187052,1895980.4016996198,328.99191422863436,1200.6433576878946,81216.88710109782,184986.6130175396,1037.643,-0.21700000000000053,0.05000000000000071,247.0476190476192,5.509581107712912,0.044640152082037865
2020-07-19 00:00:00+00:00,145.5,-0.123,0.01,0.28,1.66,13.94,7.82,0.09,15.125,147.9,0.01,1.14,33.72,12.05,7.6,0.09,15.683,0.701,1.14,238.0,154.0,0.031441666666666666,513.8727158185367,48.22245815332113,1927495.1092569286,334.4603694702288,1220.6002751034123,83226.63409092446,187430.0515846228,1097.795,-0.3550000000000004,0.05999999999999872,250.71428571428586,5.524313986844653,0.01473287913174115
2020-07-20 00:00:00+00:00,146.5,-0.124,0.0,0.25,1.65,13.83,7.84,0.08,15.604,148.5,0.01,0.97,30.54,11.91,7.6,0.08,15.986,0.698,1.48,240.0,205.0,0.03672916666666667,522.6495077497246,50.63169656353042,1960416.1478751854,340.17285231219597,1241.4477618758303,84919.27542080836,190554.95337436185,1135.6090000000002,-0.1800000000000015,0.08000000000000007,244.69047619047635,5.499994049341705,-0.024319937502948363
2020-07-21 00:00:00+00:00,152.0,-0.102,0.01,0.27,1.65,13.52,7.8,0.09,16.507,154.2,0.01,0.93,28.05,11.6,7.6,0.09,16.958,0.72,1.48,268.0,287.0,0.05142083333333333,524.3875302197927,54.67583806597652,1995701.285593951,346.2955553694171,1263.7923315713617,86109.59868116661,193593.16541957424,1159.615,-0.22499999999999787,0.049999999999998934,229.26190476190493,5.434865038956916,-0.0651290103847888
2020-07-22 00:00:00+00:00,144.2,-0.095,0.01,0.25,1.71,13.24,7.85,0.08,15.411,146.5,0.01,0.93,30.3,11.7,7.61,0.08,15.81,0.738,1.53,258.0,264.0,0.0473,541.976594037333,51.39639647180234,2032910.4896621637,352.7521238351837,1287.3553302549476,87972.16731279701,197474.93162542104,1168.766,-0.2190000000000012,-0.02999999999999936,239.38095238095252,5.478056225969153,0.04319118701223701
2020-07-23 00:00:00+00:00,143.1,-0.113,0.01,0.23,1.64,13.18,7.88,0.08,15.917,142.9,0.01,0.91,28.59,11.53,7.62,0.08,16.19,0.711,1.38,248.0,211.0,0.037804166666666666,546.7528271144465,54.03936216038959,2070205.92653814,359.2236554811973,1310.972936490259,89907.81425355737,201809.94845039566,1171.435,-0.1739999999999977,0.10999999999999943,247.00000000000017,5.5093883366279774,0.03133211065882424
2020-07-24 00:00:00+00:00,127.8,-0.147,0.01,0.38,1.55,12.47,7.8,0.07,16.952,149.2,0.01,0.78,26.1,10.78,7.46,0.08,17.111,0.674,1.42,207.0,125.0,0.025520833333333333,537.3952214665385,58.150783903138375,2105277.31370166,365.30926838480997,1333.182147094458,91569.07377291871,205636.57055745364,1180.382,0.120000000000001,-0.27999999999999936,283.66666666666686,5.647799839905265,0.1384115032772879
2020-07-25 00:00:00+00:00,122.1,-0.16,0.0,0.21,1.68,13.33,7.89,0.07,13.302,120.5,0.01,1.01,23.85,12.15,7.66,0.07,13.624,0.659,1.36,250.0,214.0,0.03685555555555556,547.2695026374262,46.161910314203354,2138717.7843599184,371.1118834565189,1301.8640498395496,92742.09681248241,209000.14133680565,1133.636,-0.19400000000000084,0.040000000000000924,306.3809523809525,5.724829270075549,0.07702943017028385
2020-07-26 00:00:00+00:00,144.0,-0.162,0.0,0.16,1.63,11.27,7.92,0.08,16.188,145.6,0.01,0.69,28.29,9.98,7.67,0.08,16.711,0.6629999999999999,1.35,300.0,363.0,0.0650375,555.8092455893287,49.01986062009835,2168859.9906469383,376.34218126790535,1320.2119847727522,93403.01983948835,211986.33419895955,1110.402,0.0,0.0,315.2380952380954,5.753328211207632,0.0284989411320824
2020-07-27 00:00:00+00:00,145.3,-0.124,0.0,0.18,1.78,11.57,7.88,0.08,15.675999999999998,147.0,0.01,0.79,25.28,10.18,7.64,0.08,16.008,0.7040000000000001,1.39,270.0,272.0,0.04873333333333334,571.2110029950272,55.71421741156932,2195777.9612124474,381.01300732473493,1390.4923393321387,94787.79497127523,215505.09010792052,1097.5639999999999,-0.17800000000000082,0.040000000000000924,307.04761904761926,5.727002846463042,-0.02632536474459002
2020-07-28 00:00:00+00:00,147.2,-0.125,0.0,0.16,1.76,11.39,7.85,0.08,16.152,148.8,0.01,0.88,26.23,9.91,7.64,0.08,16.515,0.6990000000000001,1.41,290.0,342.0,0.06127500000000001,572.9354462223487,58.28127838627633,2235822.677047367,387.96159587842567,1415.8509464330327,96349.11216464457,219239.65482028358,1142.298,-0.21899999999999764,-0.09999999999999964,308.107142857143,5.7304475889013755,0.0034447424383339253
2020-07-29 00:00:00+00:00,147.0,-0.138,0.0,0.13,1.74,11.28,7.91,0.08,17.355,152.2,0.01,0.77,24.92,9.59,7.67,0.08,17.753,0.69,1.36,275.0,283.0,0.04834583333333332,547.3800037522734,64.48328200278839,2274473.021930103,394.66823215861587,1373.3346250723928,98213.71522349115,222227.88210965367,1198.7649999999999,-0.21799999999999997,0.03999999999999915,306.4285714285716,5.724984682306805,-0.005462906594570605
2020-07-30 00:00:00+00:00,148.8,-0.131,0.0,0.13,1.67,10.9,7.88,0.08,17.863,153.7,0.01,0.77,54.1,9.38,7.51,0.08,18.466,0.703,1.26,253.0,203.0,0.03467916666666667,515.0882173405014,67.31892742565786,2307731.593592515,400.4392839827373,1223.487452115205,99430.80443835622,225028.0802927194,1239.345,-0.2710000000000008,0.040000000000000924,302.01190476190493,5.710466436339339,-0.01451824596746576
