Entrance_timestamp,PREORE_FEM_ENTRANCE-Cond [ÂµS/cm],PREORE_FEM_ENTRANCE-NH4+ [mg/L],PREORE_FEM_ENTRANCE-NO3 -N [mg/L],PREORE_FEM_ENTRANCE-ODO [mg/L],PREORE_FEM_ENTRANCE-pH,PREORE_FEM_ENTRANCE-Sal [psu],PREORE_FEM_ENTRANCE-Temp [Â°C],Energy_Acquisition(A),Catabolic_component(C),Somatic_tissue_energy_content(Epsilon),Feed_ration_3d,Feed_ration
2020-07-08 00:00:00+00:00,142.7,0.3,1.41,13.71,7.78,0.08,15.356,431.17384162336765,42.75317016085681,1617298.302449751,73324.49765265713,1024.165894592322
2020-07-08 01:00:00+00:00,142.7,0.3,1.41,13.71,7.78,0.08,15.356,431.17384162336765,42.75317016085681,1617298.302449751,73324.49765265713,1024.165894592322
2020-07-08 02:00:00+00:00,142.1,0.3,1.41,13.74,7.77,0.08,15.177,431.4850237773322,42.24480530616545,1618465.5216100435,73324.49765265713,1024.905044601739
2020-07-08 03:00:00+00:00,141.4,0.29,1.42,13.76,7.78,0.08,14.97,415.0634139132296,41.6608358833736,1619646.378971673,73324.49765265713,985.8988453995952
2020-07-08 04:00:00+00:00,140.4,0.3,1.42,13.78,7.77,0.08,14.75,415.3739192125311,41.04832565843014,1620858.0222213727,73324.49765265713,986.6363876782211
2020-07-08 05:00:00+00:00,139.3,0.29,1.41,13.85,7.78,0.08,14.529000000000002,415.6869611103785,40.44238541089882,1622079.5636999016,73324.49765265713,987.3799551315403
2020-07-08 06:00:00+00:00,138.6,0.29,1.41,13.92,7.81,0.08,14.353,415.9976068496503,39.971766407446665,1623291.7549696914,73324.49765265713,988.1178309967939
2020-07-08 07:00:00+00:00,138.5,0.27,1.41,14.27,7.95,0.08,14.345,416.3018354422945,39.97592560179016,1624478.9054675156,73324.49765265713,988.8404642334784
2020-07-08 08:00:00+00:00,138.6,0.25,1.38,14.37,8.06,0.08,14.478,416.5965376693274,40.3776549017733,1625628.8825044907,73324.49765265713,989.540469523343
2020-07-08 09:00:00+00:00,139.9,0.22,1.32,14.42,8.19,0.08,15.017,433.6891739873195,41.95822128191496,1626733.1112660745,73324.49765265713,1030.1405557893574
2020-07-08 10:00:00+00:00,142.4,0.19,1.26,14.23,8.27,0.08,15.837,433.97002874580653,44.497391835386004,1627786.5748120677,73324.49765265713,1030.8076692299442
2020-07-08 11:00:00+00:00,145.8,0.18,1.27,13.78,8.35,0.08,16.774,434.2369604425901,47.50419968141079,1628787.814076613,73324.49765265713,1031.4417112650594
2020-07-08 12:00:00+00:00,148.0,0.18,1.22,13.68,8.37,0.08,17.413,414.28166682634856,49.6873700989833,1629738.9278681949,73324.49765265713,984.0419639580724
2020-07-08 13:00:00+00:00,149.9,0.17,1.2,13.52,8.37,0.08,17.917,414.5121371157893,51.5072307559076,1630645.5728696405,73324.49765265713,984.5893993249151
2020-07-08 14:00:00+00:00,152.5,0.15,1.18,13.25,8.36,0.08,18.621,387.8516737483735,54.12278565723157,1631516.9636381192,73324.49765265713,985.1155480647693
2020-07-08 15:00:00+00:00,153.7,0.15,1.15,13.43,8.32,0.08,18.944000000000003,371.65193995686457,55.375125485641966,1632365.8726051426,73324.49765265713,985.6281222156634
2020-07-08 16:00:00+00:00,154.5,0.14,1.16,13.1,8.25,0.08,19.052,366.14023855355856,55.8040396228688,1633208.6300765641,73324.49765265713,986.1369820723786
2020-07-08 17:00:00+00:00,153.5,0.16,1.17,13.12,8.12,0.08,18.673,386.19752226246254,54.35050349021492,1634065.1242325797,73324.49765265713,986.6541361864467
2020-07-08 18:00:00+00:00,151.8,0.19,1.24,13.25,7.97,0.08,18.028,414.9260522515872,51.97701853522169,1634958.801127727,73324.49765265713,987.1937413661517
2020-07-08 19:00:00+00:00,150.8,0.19,1.29,13.47,7.93,0.08,17.719,415.852055226819,50.89197898065576,1635916.6646908869,73324.49765265713,987.7721026765296
2020-07-08 20:00:00+00:00,149.9,0.21,1.32,13.47,7.85,0.08,17.272000000000002,416.119534190133,49.344560571086305,1636968.8977820536,73324.49765265713,988.4074446321447
2020-07-08 21:00:00+00:00,149.3,0.23,1.35,13.6,7.83,0.08,16.871,436.7137828911377,48.00938819067168,1638078.1753063754,73324.49765265713,1037.3248999789494
2020-07-08 22:00:00+00:00,148.0,0.24,1.37,13.65,7.8,0.08,16.523,437.0129092758953,46.87855288780545,1639200.1742487622,73324.49765265713,1038.0354139569959
2020-07-08 23:00:00+00:00,146.7,0.26,1.39,13.7,7.79,0.08,16.169,437.31463949351144,45.75571924768713,1640331.9399581826,73324.49765265713,1038.752112811191
2020-07-09 00:00:00+00:00,145.8,0.27,1.43,13.75,7.8,0.08,15.821,437.61825494549544,44.679828242983284,1641470.7770296584,73324.49765265713,1039.4732896567587
2020-07-09 01:00:00+00:00,144.8,0.27,1.45,13.77,7.8,0.08,15.505999999999998,437.92310614869353,43.730459313862205,1642614.249304265,73324.49765265713,1040.1974017783693
2020-07-09 02:00:00+00:00,143.5,0.27,1.45,13.82,7.81,0.08,15.215,438.2286127352882,42.8717227045562,1643760.1798691307,73324.49765265713,1040.9230706301382
2020-07-09 03:00:00+00:00,142.1,0.26,1.47,13.87,7.8,0.08,14.929,421.53681138098517,42.043771533999475,1644906.651057438,73324.49765265713,1001.2750864156417
2020-07-09 04:00:00+00:00,140.8,0.26,1.47,13.84,7.8,0.08,14.630999999999998,421.83032871586215,41.20032858730765,1646052.004448422,73324.49765265713,1001.9722772348268
2020-07-09 05:00:00+00:00,139.7,0.26,1.48,13.91,7.82,0.08,14.338,422.12320103154286,40.38739822530792,1647194.8408673708,73324.49765265713,1002.6679359419069
2020-07-09 06:00:00+00:00,138.6,0.25,1.46,14.07,7.91,0.08,14.148,422.41513620087755,39.886342793168495,1648334.0203856274,73324.49765265713,1003.3613686481651
2020-07-09 07:00:00+00:00,138.0,0.24,1.46,14.33,8.03,0.08,14.175999999999998,422.70590853316435,39.9973638921439,1649468.6623205866,73324.49765265713,1004.0520392711742
2020-07-09 08:00:00+00:00,138.3,0.22,1.42,14.53,8.15,0.08,14.387,422.99535877414866,40.623593134919474,1650598.145235698,73324.49765265713,1004.7395695347948
2020-07-09 09:00:00+00:00,139.2,0.2,1.38,14.54,8.25,0.08,14.811,423.28339410602376,41.891758052896094,1651722.106940463,73324.49765265713,1005.4237389691775
2020-07-09 10:00:00+00:00,141.3,0.18,1.3,14.4,8.3,0.08,15.492,440.6494231533757,43.97243419567433,1652840.4444904374,73324.49765265713,1046.6732141410348
2020-07-09 11:00:00+00:00,144.5,0.16,1.25,13.94,8.33,0.08,16.451,440.9461156693238,47.074396286656935,1653953.3141872303,73324.49765265713,1047.3779469580136
2020-07-09 12:00:00+00:00,148.3,0.14,1.21,13.73,8.36,0.08,17.464000000000002,420.7186025719688,50.55142628136144,1655061.1315785043,73324.49765265713,999.3315975581205
2020-07-09 13:00:00+00:00,151.8,0.13,1.19,13.24,8.37,0.08,18.368,402.9232315638955,53.877463237643504,1656164.5714579744,73324.49765265713,999.9978583484445
2020-07-09 14:00:00+00:00,154.0,0.12,1.16,13.2,8.33,0.08,19.09,366.83514339749485,56.66729999975343,1657264.5678654104,73324.49765265713,1000.6620399585237
2020-07-09 15:00:00+00:00,155.3,0.12,1.15,12.98,8.32,0.08,19.43,347.5606380620044,58.03031846454647,1658362.3140866344,73324.49765265713,1001.3248628984368
2020-07-09 16:00:00+00:00,155.7,0.12,1.15,13.02,8.24,0.08,19.406,349.8712543697321,57.91678013634974,1659459.262653522,73324.49765265713,1001.9872042119214
2020-07-09 17:00:00+00:00,154.7,0.14,1.17,13.09,8.13,0.08,18.979,375.03868799886277,56.20450077623728,1660557.1253440026,73324.49765265713,1002.6500974763721
2020-07-09 18:00:00+00:00,153.0,0.17,1.22,13.43,8.0,0.08,18.422,402.9294402971633,54.094003865692194,1661657.8731820593,73324.49765265713,1003.3147328028416
2020-07-09 19:00:00+00:00,151.9,0.19,1.28,13.44,7.92,0.08,17.96,422.4815359816154,52.418080194570415,1662763.7364377272,73324.49765265713,1003.98245683604
2020-07-09 20:00:00+00:00,151.2,0.21,1.32,13.47,7.86,0.08,17.617,422.9596593295753,51.20083320092441,1663877.2046270962,73324.49765265713,1004.6547727543355
2020-07-09 21:00:00+00:00,150.3,0.22,1.34,13.63,7.81,0.08,17.292,423.24533625356617,50.07755894811599,1665001.0265123087,73324.49765265713,1005.3333402697533
2020-07-09 22:00:00+00:00,149.4,0.24,1.35,13.67,7.76,0.08,16.968,444.1946248486165,48.9848757880103,1666138.2101015607,73324.49765265713,1055.0941207805618
2020-07-09 23:00:00+00:00,148.5,0.25,1.37,13.76,7.75,0.08,16.733,444.50223278209603,48.2203185189731,1667292.0226491017,73324.49765265713,1055.8247809550974
2020-07-10 00:00:00+00:00,148.2,0.24,1.38,13.66,7.76,0.08,16.604,444.71022912034147,47.68795767755347,1668072.200137359,73324.49765265713,1056.3188340150627
2020-07-10 01:00:00+00:00,148.2,0.24,1.38,13.66,7.76,0.08,16.604,444.71022912034147,47.68795767755347,1668072.200137359,73324.49765265713,1056.3188340150627
2020-07-10 02:00:00+00:00,148.2,0.24,1.38,13.66,7.76,0.08,16.604,444.71022912034147,47.68795767755347,1668072.200137359,73324.49765265713,1056.3188340150627
2020-07-10 03:00:00+00:00,146.1,0.24,1.42,13.78,7.79,0.08,16.021,445.0272736477285,45.9173867447759,1669261.4085875135,73324.49765265713,1057.0719089019678
2020-07-10 04:00:00+00:00,144.8,0.23,1.41,13.8,7.76,0.08,15.796,445.3477811401669,45.221221078290874,1670463.606340261,73324.49765265713,1057.8332093590661
2020-07-10 05:00:00+00:00,144.5,0.24,1.41,13.8,7.78,0.08,15.713,445.454999884202,44.90004873871017,1670865.7752011218,73324.49765265713,1058.0878857106934
2020-07-10 06:00:00+00:00,143.3,0.22,1.42,14.02,7.84,0.08,15.356,445.66996998393824,43.891042545935264,1671672.1107062444,73324.49765265713,1058.5985035247938
2020-07-10 07:00:00+00:00,143.5,0.21,1.42,14.1,7.97,0.08,15.339,445.99365478327013,43.88160600415998,1672886.2262808748,73324.49765265713,1059.367351029145
2020-07-10 08:00:00+00:00,144.6,0.19,1.4,14.41,8.08,0.08,15.504,446.31865618074323,44.44051449539029,1674105.280308939,73324.49765265713,1060.1393258449957
2020-07-10 09:00:00+00:00,144.0,0.17,1.35,14.37,8.17,0.08,15.887,446.64480085729105,45.70787843118372,1675328.622684599,73324.49765265713,1060.9140162881022
2020-07-10 10:00:00+00:00,146.2,0.16,1.3,14.29,8.26,0.08,16.533,446.97192153220135,47.866407678710345,1676555.6259513944,73324.49765265713,1061.6910250171052
2020-07-10 11:00:00+00:00,149.2,0.14,1.23,13.98,8.35,0.08,17.401,426.4952124532021,50.92750755104225,1677785.68530224,73324.49765265713,1013.0527611715013
2020-07-10 12:00:00+00:00,152.6,0.13,1.19,13.5,8.36,0.08,18.367,406.06314366940524,54.519313054113894,1679018.2185794273,73324.49765265713,1013.7969689988946
2020-07-10 13:00:00+00:00,156.2,0.12,1.17,13.33,8.36,0.08,19.259,359.69335077757455,58.02922194075169,1680252.6662746237,73324.49765265713,1014.5423327584591
2020-07-10 14:00:00+00:00,157.3,0.11,1.11,12.95,8.34,0.08,19.815,324.6603411404197,60.37101017931591,1681488.4915288722,73324.49765265713,1015.2885282929122
2020-07-10 15:00:00+00:00,157.6,0.11,1.09,13.02,8.29,0.08,20.086,309.0674505131938,61.386672084542894,1682725.1801325935,73324.49765265713,1016.0352451207433
2020-07-10 16:00:00+00:00,158.6,0.12,1.11,12.82,8.23,0.08,19.977,315.69611504857994,61.022853150847546,1683962.2405255828,73324.49765265713,1016.7821864362118
2020-07-10 17:00:00+00:00,158.8,0.13,1.13,12.97,8.14,0.08,19.885,322.69678058053694,60.631356817837045,1685199.2037970119,73324.49765265713,1017.5290691093484
2020-07-10 18:00:00+00:00,158.2,0.14,1.17,13.08,8.03,0.08,19.673,336.910917428842,59.77223236984679,1686435.6236854293,73324.49765265713,1018.2756236859558
2020-07-10 19:00:00+00:00,157.6,0.15,1.2,13.04,7.91,0.08,19.386,355.6604313756322,58.58082770512383,1687671.0765787596,73324.49765265713,1019.0215943876071
2020-07-10 20:00:00+00:00,156.2,0.18,1.25,13.06,7.82,0.08,18.898,384.0862669931988,56.62025695504713,1688905.1615143027,73324.49765265713,1019.7667391116468
2020-07-10 21:00:00+00:00,154.7,0.19,1.3,13.29,7.78,0.08,18.368,410.30901484811784,54.60359325541377,1690137.5001787352,73324.49765265713,1020.51082943119
2020-07-10 22:00:00+00:00,153.4,0.21,1.34,13.37,7.75,0.08,17.899,429.9477869005473,52.88350806398451,1691367.7369081106,73324.49765265713,1021.2536505951242
2020-07-10 23:00:00+00:00,152.5,0.21,1.37,13.39,7.76,0.08,17.531,430.2598956433327,51.56951686297998,1692595.5386878566,73324.49765265713,1021.9950015281061
2020-07-11 00:00:00+00:00,151.2,0.21,1.41,13.49,7.78,0.08,17.2,430.5713065236684,50.4354298569982,1693820.595152779,73323.06645289538,1022.7346948305661
2020-07-11 01:00:00+00:00,150.0,0.21,1.41,13.55,7.79,0.08,16.955,451.90057793572834,49.61193763733673,1695042.6185870587,73372.29860565634,1073.3980473532738
2020-07-11 02:00:00+00:00,148.9,0.21,1.42,13.61,7.8,0.08,16.743,452.2254917037859,48.91108710439336,1696261.3439242535,73421.56337507782,1074.1698140232443
2020-07-11 03:00:00+00:00,148.3,0.21,1.43,13.66,7.81,0.08,16.523,452.54946156614227,48.188431252096535,1697476.5287472964,73510.60386831516,1074.9393386369175
2020-07-11 04:00:00+00:00,147.3,0.2,1.42,13.65,7.78,0.08,16.299,452.8724289324439,47.46579469876567,1698687.9532884967,73599.67396266173,1075.7064820248072
2020-07-11 05:00:00+00:00,146.1,0.2,1.42,13.63,7.79,0.08,16.085,453.19434125069057,46.793174270612674,1699895.4204295413,73688.7651268905,1076.47111936031
2020-07-11 06:00:00+00:00,144.8,0.19,1.41,13.88,7.87,0.08,15.937,453.5151520072353,46.35971281345477,1701098.755701491,73777.88043605341,1077.2331401597037
2020-07-11 07:00:00+00:00,144.4,0.17,1.39,14.04,7.98,0.08,15.957,453.8348207267844,46.45315524285787,1702297.807284784,73867.03242010208,1077.9924482821482
2020-07-11 08:00:00+00:00,144.3,0.16,1.38,14.06,8.03,0.08,15.93,454.1533129723977,46.37795498813957,1703492.4460092355,73956.24091250844,1078.7489619296857
2020-07-11 09:00:00+00:00,143.9,0.16,1.37,13.86,7.98,0.08,15.817,454.4706003454878,46.03176616831993,1704682.5653540345,74005.60297036632,1079.5026136472393
2020-07-11 10:00:00+00:00,143.0,0.17,1.37,13.77,7.94,0.08,15.674,454.78666048582096,45.606128342938746,1705868.0814477485,74055.04865145899,1080.253350322615
2020-07-11 11:00:00+00:00,142.3,0.18,1.38,13.98,7.99,0.08,15.626,455.10147707151685,45.52624840477685,1707048.9330683195,74104.60807338043,1081.0011331865007
2020-07-11 12:00:00+00:00,142.9,0.16,1.39,14.18,8.15,0.08,15.892,455.4150398190479,46.462168577053774,1708225.0816430666,74202.31204723481,1081.7459378124652
2020-07-11 13:00:00+00:00,143.7,0.15,1.35,13.82,8.17,0.08,16.195999999999998,455.7273444832404,47.41253320683193,1709396.511248685,74300.21040202687,1082.4877541169606
2020-07-11 14:00:00+00:00,142.8,0.15,1.35,13.53,8.06,0.08,16.114,456.0383928572738,47.08793442377367,1710563.2286112453,74398.32144032142,1083.22658635932
2020-07-11 15:00:00+00:00,141.2,0.17,1.36,13.45,7.94,0.08,15.791,456.3481927726805,46.08507438920681,1711725.263106195,74496.6557712475,1083.9624531417587
2020-07-11 16:00:00+00:00,139.5,0.19,1.42,13.48,7.99,0.08,15.802,456.6567580993466,46.214463823860456,1712882.6667583575,74595.2141765845,1084.6953874093742
2020-07-11 17:00:00+00:00,137.5,0.17,1.4,13.52,8.02,0.08,15.890999999999998,456.9641087455111,46.4677132147792,1714035.5142419324,74693.9854768482,1085.425436450145
2020-07-11 18:00:00+00:00,134.9,0.18,1.4,13.29,7.96,0.08,15.853,457.2702706577667,46.386748714104364,1715183.9028804952,74792.94439737698,1086.1526618949326
2020-07-11 19:00:00+00:00,136.2,0.22,1.47,13.31,7.9,0.08,15.696,457.57527582105905,45.85778111373243,1716327.9526469978,74892.04943441795,1086.8771397174798
2020-07-11 20:00:00+00:00,134.4,0.26,1.5,13.36,7.82,0.08,15.414,457.87916225868736,44.98250680920449,1717467.806163768,74991.2409500202,1087.5989602344116
2020-07-11 21:00:00+00:00,134.6,0.26,1.56,13.55,7.81,0.08,15.064,458.18197403230397,43.92013174629323,1718603.6287025104,75042.23427814648,1088.318228105235
2020-07-11 22:00:00+00:00,133.7,0.28,1.54,13.61,7.81,0.08,14.772,440.71307282168516,43.06258604090541,1719735.6081843046,75051.02326519112,1046.8244010016274
2020-07-11 23:00:00+00:00,135.1,0.33,1.56,13.69,7.8,0.08,14.496,441.0022319628593,42.25503356164185,1720863.9551796075,75059.7823921967,1047.5112398167678
2020-07-12 00:00:00+00:00,134.2,0.32,1.57,13.76,7.8,0.08,14.219,441.2905199810262,41.47150724391231,1721988.9029082516,75068.50511199607,1048.196009456119
2020-07-12 01:00:00+00:00,133.1,0.31,1.57,13.79,7.78,0.08,13.967,441.57800244725655,40.767144016658335,1723110.7072394453,75077.18657588813,1048.878865670443
2020-07-12 02:00:00+00:00,133.0,0.31,1.6,13.89,7.81,0.08,13.733,441.86475073693003,40.12623259537723,1724229.6466917743,75085.82348325546,1049.5599779974584
2020-07-12 03:00:00+00:00,132.8,0.3,1.62,13.95,7.83,0.08,13.5,442.150842029734,39.49709884376942,1725346.0224331983,75134.78792660165,1050.2395297618384
2020-07-12 04:00:00+00:00,132.3,0.27,1.61,13.98,7.83,0.08,13.255999999999998,442.43635930966553,38.8427618156983,1726460.1582810557,75183.73336744204,1050.917718075215
2020-07-12 05:00:00+00:00,131.9,0.27,1.61,14.12,7.84,0.08,13.005,414.15872095438226,38.20062505222631,1727572.400702059,75164.81536250816,983.7499310080337
2020-07-12 06:00:00+00:00,132.8,0.25,1.62,14.18,7.89,0.08,12.832,414.4249984149914,37.79173715798608,1728683.1188122982,75145.83641289797,984.3824190379843
2020-07-12 07:00:00+00:00,133.0,0.22,1.61,14.43,8.03,0.08,12.91,414.69100436540964,38.04848752149146,1729792.7043772384,75126.79863577744,985.0142621506166
2020-07-12 08:00:00+00:00,132.9,0.2,1.57,14.62,8.11,0.08,13.161,443.57455113139457,38.775884106368075,1730901.5718117214,75175.6803278374,1053.6212615947613
2020-07-12 09:00:00+00:00,134.6,0.18,1.51,14.53,8.17,0.08,13.591,443.85864625771035,40.04534989112572,1732010.1581799656,75224.55266073925,1054.2960718710458
2020-07-12 10:00:00+00:00,137.7,0.16,1.45,14.19,8.23,0.08,14.321,444.1427871656129,42.17250117034919,1733118.9231955644,75232.85043749042,1054.970990892192
2020-07-12 11:00:00+00:00,139.2,0.13,1.39,14.06,8.3,0.08,15.259,462.34754494785784,45.09262906892677,1734228.3492214887,75283.68518637054,1098.212695838142
2020-07-12 12:00:00+00:00,141.5,0.12,1.34,13.81,8.28,0.08,16.015,462.64363023981906,47.647865871002,1735338.9412700841,75383.26957513028,1098.91598631786
2020-07-12 13:00:00+00:00,145.7,0.11,1.3,13.61,8.32,0.08,17.102999999999998,441.4080662762883,51.170641772302744,1736451.227003073,75431.74693359014,1048.4752168082857
2020-07-12 14:00:00+00:00,146.8,0.11,1.31,13.54,8.28,0.08,17.303,441.69138112245633,52.00240197848203,1737565.7567315549,75480.23306731915,1049.1481736875446
2020-07-12 15:00:00+00:00,148.0,0.11,1.29,13.3,8.24,0.08,17.233,441.9754120423424,51.65057075661317,1738683.103416004,75528.7310358752,1049.822831454495
2020-07-12 16:00:00+00:00,146.9,0.11,1.31,13.35,8.17,0.08,17.058,442.26031044071294,51.03061226190587,1739803.8626662712,75577.24338140369,1050.4995497404107
2020-07-12 17:00:00+00:00,149.0,0.12,1.33,13.32,8.12,0.08,16.874000000000002,464.133854625192,50.33517879570567,1740928.6527415838,75677.04899562612,1102.4557116987933
2020-07-12 18:00:00+00:00,146.1,0.12,1.36,13.48,8.04,0.08,16.577,464.434970619934,49.3442158985816,1742058.114550545,75776.90521441455,1103.1709515912921
2020-07-12 19:00:00+00:00,145.5,0.13,1.39,13.39,7.96,0.08,16.267,464.7375090103984,48.3365390143922,1743192.911651134,75876.81232767449,1103.889570095958
2020-07-12 20:00:00+00:00,145.3,0.14,1.41,13.45,7.91,0.08,16.099,465.04165274036325,47.797471405469096,1744333.7302507062,75976.76955667873,1104.6120017585824
2020-07-12 21:00:00+00:00,145.6,0.15,1.41,13.6,7.87,0.08,15.861,465.3475907919599,47.003825546948256,1745481.2792059933,76076.77491187683,1105.338695467838
2020-07-12 22:00:00+00:00,143.9,0.17,1.44,13.61,7.84,0.08,15.558,465.6555181856728,46.04967876751334,1746636.2900231034,76127.75090555154,1106.0701144552797
2020-07-12 23:00:00+00:00,143.5,0.17,1.46,13.58,7.82,0.08,15.32,465.9656359803404,45.33160874036235,1747799.5168575202,76178.73286089177,1106.8067362953452
2020-07-13 00:00:00+00:00,144.2,0.17,1.49,13.65,7.84,0.08,15.161,466.27815127315296,44.86772275449078,1748971.7365141038,76229.96307978207,1107.5490529053513
2020-07-13 01:00:00+00:00,142.8,0.16,1.5,13.78,7.84,0.08,15.03,466.5932771996557,44.4812257548433,1750153.7484470909,76281.94181631251,1108.2975705455003
2020-07-13 02:00:00+00:00,142.1,0.16,1.49,13.91,7.84,0.08,14.889,448.81389832391073,44.06738585243737,1751346.3747600932,76291.68924910008,1066.0662668026382
2020-07-13 03:00:00+00:00,142.3,0.16,1.5,13.84,7.84,0.08,14.722,449.1224668005556,43.56477530870285,1752550.4602060996,76301.4165487505,1066.7992085523886
2020-07-13 04:00:00+00:00,141.3,0.15,1.51,13.83,7.84,0.08,14.533,449.43404879681145,43.018498511095686,1753766.3049061436,76311.12264769741,1067.5393083059653
2020-07-13 05:00:00+00:00,138.9,0.15,1.51,13.9,7.85,0.08,14.351,449.7460178083803,42.50345765128174,1754983.6598042187,76321.31508932252,1068.2803273358202
2020-07-13 06:00:00+00:00,138.2,0.15,1.51,14.04,7.9,0.08,14.21,450.057380792212,42.12303108476658,1756198.649881407,76331.7364926676,1069.019906869862
2020-07-13 07:00:00+00:00,137.8,0.14,1.52,14.15,7.97,0.08,14.129,450.3682107622683,41.923290274844604,1757411.5600503166,76342.1273619764,1069.7582203379293
2020-07-13 08:00:00+00:00,138.1,0.13,1.51,14.24,8.06,0.08,14.178,450.6785790477134,42.13889042427367,1758622.6686491917,76352.48347329936,1070.4954371679653
2020-07-13 09:00:00+00:00,138.3,0.12,1.48,14.31,8.15,0.08,14.353,450.988555292912,42.695166593788635,1759832.247441911,76362.80117979726,1071.2317227860142
2020-07-13 10:00:00+00:00,139.5,0.11,1.45,14.19,8.25,0.08,14.797,451.29820745743035,44.26111788347272,1761040.5616179896,76373.07739339638,1071.967238616224
2020-07-13 11:00:00+00:00,143.1,0.1,1.35,14.25,8.34,0.08,15.852,469.81758576023094,47.67766960952544,1762247.8697925773,76475.98089293802,1115.9562607131375
2020-07-13 12:00:00+00:00,145.6,0.09,1.33,13.8,8.35,0.08,16.668,470.13925469090276,50.449383377426386,1763454.4240064598,76578.90424387001,1116.7203199308854
2020-07-13 13:00:00+00:00,148.5,0.09,1.28,13.69,8.37,0.08,17.392,448.5788909374344,53.15527580220862,1764660.4697260575,76629.86996559477,1065.508054483217
2020-07-13 14:00:00+00:00,151.3,0.08,1.25,13.53,8.37,0.08,18.157,430.4414040313087,55.867217134411646,1765866.2458434273,76680.81754354744,1066.2361062455827
2020-07-13 15:00:00+00:00,151.9,0.08,1.26,13.43,8.36,0.08,18.239,427.7178069888673,56.154766941893804,1767071.9846762607,76731.7464339221,1066.9641354954174
2020-07-13 16:00:00+00:00,151.4,0.09,1.27,13.47,8.28,0.08,18.012999999999998,439.64868478783455,55.12071406208957,1768277.911967885,76782.65652602322,1067.6922785373172
2020-07-13 17:00:00+00:00,149.5,0.1,1.31,13.33,8.14,0.08,17.476,449.8051011043334,53.134095963993104,1769484.246887263,76833.54812462012,1068.420667706255
2020-07-13 18:00:00+00:00,148.5,0.12,1.37,13.32,8.03,0.08,17.09,450.1119106057512,51.805241991551085,1770691.2020289924,76884.42193230175,1069.1494313675798
2020-07-13 19:00:00+00:00,148.3,0.13,1.41,13.35,7.94,0.08,16.773,472.39058526779877,50.68783681333968,1771898.9834133068,76987.46823641247,1122.0678984983342
2020-07-13 20:00:00+00:00,147.8,0.14,1.45,13.38,7.87,0.08,16.444000000000003,472.7128548135947,49.580361107419755,1773107.7904860752,77090.53488165616,1122.8333843553316
2020-07-13 21:00:00+00:00,147.4,0.16,1.46,13.43,7.85,0.08,16.159000000000002,473.03544922906866,48.6170069121797,1774317.8161188026,77193.62369409924,1123.5996418742723
2020-07-13 22:00:00+00:00,146.3,0.17,1.47,13.56,7.83,0.08,15.884,473.3584181812814,47.73076146928242,1775529.246608628,77296.7368325333,1124.366789029172
2020-07-13 23:00:00+00:00,145.6,0.18,1.5,13.55,7.83,0.08,15.662,473.6818095845597,47.025277197364844,1776742.2616783264,77399.87677063598,1125.134939630783
2020-07-14 00:00:00+00:00,145.0,0.17,1.52,13.63,7.85,0.08,15.437,474.00566960049656,46.321471090481076,1777957.0344763093,77503.04627913199,1125.904203326595
2020-07-14 01:00:00+00:00,143.7,0.18,1.53,13.69,7.86,0.08,15.229,474.33004263795,45.68000349286372,1779173.7315766222,77556.32291737956,1126.6746856008313
2020-07-14 02:00:00+00:00,141.8,0.17,1.54,13.76,7.86,0.08,15.038,474.6549713530445,45.108990446733706,1780392.5129789473,77609.59959113077,1127.4464877744524
2020-07-14 03:00:00+00:00,138.5,0.17,1.55,13.72,7.84,0.08,14.85,456.5703998798225,44.509512773630355,1781613.532108601,77619.15051349105,1084.490260997203
2020-07-14 04:00:00+00:00,136.7,0.16,1.52,13.71,7.85,0.08,14.624,456.88391900733205,43.84391447048636,1782836.9358165353,77628.67899347891,1085.2349620126652
2020-07-14 05:00:00+00:00,137.4,0.15,1.54,13.7,7.83,0.08,14.395,457.1980851741555,43.17424199514405,1784062.864379339,77638.18907405721,1085.9811999386116
2020-07-14 06:00:00+00:00,137.4,0.15,1.57,13.86,7.87,0.08,14.19,457.51293264388374,42.5948523111957,1785291.451499235,77647.68499005875,1086.729056161244
2020-07-14 07:00:00+00:00,137.6,0.14,1.55,14.13,7.94,0.08,14.095,457.82849399530926,42.38817892389563,1786522.8243040815,77657.17114984147,1087.4786080648676
2020-07-14 08:00:00+00:00,136.9,0.13,1.52,14.18,8.04,0.08,14.101,458.1448001224253,42.42259772162524,1787757.103347373,77666.65211694367,1088.229929031889
2020-07-14 09:00:00+00:00,137.2,0.13,1.52,14.15,8.08,0.08,14.124,458.461880234427,42.53604773975527,1788994.4026082393,77676.13259173925,1088.9830884428193
2020-07-14 10:00:00+00:00,136.4,0.12,1.49,14.13,8.08,0.08,14.192,458.7797618557101,42.777696290057754,1790234.8294914446,77685.6173930929,1089.738151676271
2020-07-14 11:00:00+00:00,137.7,0.12,1.5,14.53,8.16,0.08,14.362,459.0984708258724,43.33369041187883,1791478.4848273904,77695.11144001537,1090.4951801089605
2020-07-14 12:00:00+00:00,138.4,0.12,1.48,14.24,8.18,0.08,14.457,459.3114151085422,43.731362681471765,1792309.4287862836,77704.36648820895,1091.0009860060384
2020-07-14 13:00:00+00:00,138.4,0.12,1.48,14.24,8.18,0.08,14.457,459.3114151085422,43.731362681471765,1792309.4287862836,77712.87972009802,1091.0009860060384
2020-07-14 14:00:00+00:00,138.4,0.12,1.48,14.24,8.18,0.08,14.457,459.3114151085422,43.731362681471765,1792309.4287862836,77720.65411974474,1091.0009860060384
2020-07-14 15:00:00+00:00,138.3,0.17,1.55,14.69,8.26,0.08,14.679,459.6315558388333,44.32378054315134,1793558.6710880531,77728.45308189713,1091.7614152941408
2020-07-14 16:00:00+00:00,138.5,0.17,1.53,14.64,8.25,0.08,14.732,459.95258458680223,44.48935477859382,1794811.378582293,77736.28164837563,1092.5239538878911
2020-07-14 17:00:00+00:00,138.6,0.18,1.5,14.65,8.24,0.08,14.784,460.27452101445095,44.6549830929866,1796067.6279933993,77744.14486041586,1093.2886484903822
2020-07-14 18:00:00+00:00,138.8,0.2,1.51,14.46,8.13,0.08,14.672,460.59738309898256,44.27274894481522,1797327.4894714048,77752.04774032375,1094.0555418028089
2020-07-14 19:00:00+00:00,138.4,0.22,1.52,14.44,8.03,0.08,14.4,460.92118713280126,43.46731160446046,1798591.0265919773,77759.99527313073,1094.8246725244685
2020-07-14 20:00:00+00:00,137.8,0.24,1.54,14.45,7.95,0.08,14.178,461.24594772351287,42.8336440689666,1799858.2963564205,77767.99238824908,1095.596075352762
2020-07-14 21:00:00+00:00,137.1,0.25,1.58,14.46,7.91,0.08,13.983,461.57167779392427,42.249973697218174,1801129.3491916726,77776.04394112705,1096.3697809831929
2020-07-14 22:00:00+00:00,136.7,0.26,1.58,14.58,7.9,0.08,13.76,461.89838858204325,41.64219246030242,1802404.228950308,77826.36535623478,1097.1458161093663
2020-07-14 23:00:00+00:00,136.6,0.27,1.6,14.52,7.9,0.08,13.585,462.22608964107957,41.1663092349387,1803682.9729105362,77876.778319841,1097.9242034229917
2020-07-15 00:00:00+00:00,136.5,0.28,1.62,14.62,7.88,0.08,13.423,462.5547888394435,40.729478273701915,1804965.6117762022,77927.28727199876,1098.70496161388
2020-07-15 01:00:00+00:00,135.7,0.27,1.64,14.65,7.9,0.08,13.294,462.8844923607472,40.39595877320464,1806252.1696767865,77977.89651169827,1099.4881053699457
2020-07-15 02:00:00+00:00,135.1,0.27,1.64,14.47,7.91,0.08,13.189,463.21520470380335,40.122864263611405,1807542.664167405,78028.61017907801,1100.273645377205
2020-07-15 03:00:00+00:00,134.4,0.27,1.64,14.63,7.9,0.08,13.084,463.5469286826266,39.84988068092521,1808837.106228809,78079.43223763596,1101.0615883197781
2020-07-15 04:00:00+00:00,134.2,0.27,1.64,14.66,7.9,0.08,12.966,433.9519450763401,39.540107195481475,1810135.5002673853,78059.27923470644,1030.7647151457008
2020-07-15 05:00:00+00:00,133.6,0.27,1.62,14.72,7.9,0.08,12.836,434.264161839016,39.20959433507971,1811437.8441151557,78107.0356263564,1031.5063226579953
2020-07-15 06:00:00+00:00,133.0,0.26,1.61,14.74,7.96,0.08,12.746,434.57732341141804,38.99989161704488,1812744.1290297783,78154.90338169233,1032.2501743739144
2020-07-15 07:00:00+00:00,132.5,0.24,1.61,14.94,8.01,0.08,12.718,434.8914261216027,38.98175008444266,1814054.339694546,78202.88538111321,1032.9962615715028
2020-07-15 08:00:00+00:00,132.5,0.24,1.59,15.03,8.07,0.08,12.759,465.1083377908424,40.425716930086196,1814929.983903505,78254.03451807152,1104.7703985530698
2020-07-15 09:00:00+00:00,132.5,0.24,1.59,15.03,8.07,0.08,12.759,465.1083377908424,40.425716930086196,1814929.983903505,78304.50884475355,1104.7703985530698
2020-07-15 10:00:00+00:00,132.5,0.24,1.59,15.03,8.07,0.08,12.759,465.1083377908424,40.425716930086196,1814929.983903505,78354.30825241444,1104.7703985530698
2020-07-15 11:00:00+00:00,132.5,0.24,1.59,15.03,8.07,0.08,12.759,465.1083377908424,40.425716930086196,1814929.983903505,78360.86595512937,1104.7703985530698
2020-07-15 12:00:00+00:00,136.8,0.19,1.48,14.94,8.33,0.08,14.214,465.2207036678371,43.59384467568845,1815368.454218387,78366.98726968523,1105.0373008737222
2020-07-15 13:00:00+00:00,139.2,0.18,1.45,14.74,8.29,0.08,14.899,465.5584622068333,45.51515389980567,1816686.4441358657,78424.35163056538,1105.8395776884402
2020-07-15 14:00:00+00:00,139.0,0.18,1.37,14.46,8.18,0.08,14.921,465.89720490533165,45.50886979283567,1818008.2744071807,78481.84764905201,1106.6441921741844
2020-07-15 15:00:00+00:00,138.1,0.19,1.43,14.52,8.17,0.08,14.744000000000002,466.23692109895654,45.00205690136759,1819333.9034181675,78539.47593659742,1107.4511189998966
2020-07-15 16:00:00+00:00,138.1,0.2,1.45,14.57,8.23,0.08,14.791,466.5775984385334,45.12544031177029,1820663.2829802956,78597.23671568962,1108.2603288326209
2020-07-15 17:00:00+00:00,138.1,0.21,1.47,14.33,8.17,0.08,14.654000000000002,466.91922289008926,44.72275268278908,1821996.3583306714,78603.85279232833,1109.0717883375041
2020-07-15 18:00:00+00:00,139.5,0.22,1.51,14.3,8.08,0.08,14.531,467.2617787348519,44.362944883391805,1823333.0681320354,78610.56730091484,1109.8854601777953
2020-07-15 19:00:00+00:00,139.1,0.24,1.52,14.28,8.0,0.08,14.359000000000002,467.60524856925076,43.82265901506459,1824673.3444727643,78617.37903383373,1110.7013030148473
2020-07-15 20:00:00+00:00,138.3,0.26,1.57,14.29,7.93,0.08,14.099,467.94961330491617,43.0592444494193,1826017.11286687,78624.28630358326,1111.5192715081143
2020-07-15 21:00:00+00:00,137.4,0.28,1.59,14.36,7.9,0.08,13.876,468.29485216868017,42.43854600988893,1827364.2922539997,78631.28692443058,1112.3393163151547
2020-07-15 22:00:00+00:00,136.9,0.29,1.6,14.4,7.89,0.08,13.702,468.6409427025755,41.95846121978294,1828714.7949994362,78638.37819406693,1113.1613840916282
2020-07-15 23:00:00+00:00,136.7,0.3,1.63,14.43,7.89,0.08,13.533,468.9878607638368,41.48417132283614,1830068.526894098,78645.55687526289,1113.9854174912987
2020-07-16 00:00:00+00:00,136.4,0.31,1.65,14.48,7.88,0.08,13.379,469.3355805248992,41.07762886073006,1831425.3871545384,78652.81917752356,1114.8113551660313
2020-07-16 01:00:00+00:00,135.6,0.31,1.67,14.58,7.89,0.08,13.242,469.6840744733995,40.69633530539674,1832785.2684229468,78660.16073874386,1115.6391317657944
2020-07-16 02:00:00+00:00,134.8,0.3,1.68,14.64,7.88,0.08,13.063,470.0333134121759,40.2081587376124,1834148.0567671475,78710.56314987988,1116.46867793866
2020-07-16 03:00:00+00:00,134.3,0.31,1.7,14.63,7.87,0.08,12.876,440.0359589457664,39.713566016427826,1835513.6316806006,78688.97999583051,1045.216054503008
2020-07-16 04:00:00+00:00,133.8,0.3,1.69,14.62,7.86,0.08,12.696,440.3639719480495,39.22451262693405,1836881.866082401,78667.43587029898,1045.9951827744642
2020-07-16 05:00:00+00:00,133.2,0.3,1.69,14.74,7.89,0.08,12.497,440.69259047968484,38.73022375780712,1838252.62631728,78645.9312923211,1046.775749357921
2020-07-16 06:00:00+00:00,132.7,0.29,1.69,14.89,7.96,0.08,12.424,441.0217809227903,38.61579082746281,1839625.7721556036,78624.46905985217,1047.557674400927
2020-07-16 07:00:00+00:00,133.2,0.27,1.67,14.99,8.07,0.08,12.556,441.3515080833815,39.06386779877937,1841001.1567933739,78603.05171382155,1048.3408743073194
2020-07-16 08:00:00+00:00,133.9,0.25,1.63,15.07,8.16,0.08,12.853,441.68173519137184,39.945968631883446,1842378.6268522274,78581.68153839081,1049.1252617372252
2020-07-16 09:00:00+00:00,134.8,0.23,1.59,15.03,8.22,0.08,13.175,472.49603934199166,40.92314052128448,1843758.0223794372,78632.76819883994,1122.3183832351344
2020-07-16 10:00:00+00:00,136.6,0.21,1.54,14.98,8.27,0.08,13.691,472.8499849292933,42.54342046516852,1845139.1768479105,78683.96006931942,1123.1591090957086
2020-07-16 11:00:00+00:00,139.9,0.18,1.49,14.63,8.35,0.08,14.643,473.204336916469,45.60069644389785,1846521.9171561913,78692.00460888293,1124.0008002766483
2020-07-16 12:00:00+00:00,141.5,0.18,1.47,14.32,8.3,0.08,15.142,492.6541722123355,46.86586774961679,1847906.0636284582,78745.48422294809,1170.1999339960462
2020-07-16 13:00:00+00:00,140.3,0.19,1.46,14.39,8.23,0.08,15.171,493.02351270186165,46.97311145329305,1849291.4300145258,78851.05339578522,1171.0772273203363
2020-07-16 14:00:00+00:00,139.1,0.19,1.49,14.47,8.21,0.08,15.219,493.3931270147245,47.25885463988336,1850677.8234898432,78956.77246059597,1171.9551710563526
2020-07-16 15:00:00+00:00,139.8,0.18,1.45,14.42,8.19,0.08,15.394,493.7629619909127,47.709157031602466,1852065.0446554958,79062.64196403384,1172.8336389332842
2020-07-16 16:00:00+00:00,138.6,0.2,1.44,14.35,8.14,0.08,15.255,494.1329627176807,47.35035277168083,1853452.8875382044,79168.6621860136,1173.7125005170562
2020-07-16 17:00:00+00:00,139.7,0.21,1.46,14.35,8.12,0.08,15.201,494.5030725295489,47.15148756197452,1854841.1395903246,79274.83313951765,1174.5916212103298
2020-07-16 18:00:00+00:00,140.4,0.22,1.49,14.23,8.08,0.08,15.15,494.87323300830303,47.04336678966767,1856229.5816898479,79381.15457040258,1175.470862252501
2020-07-16 19:00:00+00:00,141.8,0.23,1.51,14.13,8.02,0.08,15.093,495.24338398299517,46.86224440141115,1857617.9881404012,79435.43675262394,1176.3500807197033
2020-07-16 20:00:00+00:00,143.2,0.25,1.52,14.06,7.94,0.08,15.023,495.613463529943,46.65834079822686,1859006.126671247,79489.83249779342,1177.229129524805
2020-07-16 21:00:00+00:00,143.5,0.26,1.55,13.99,7.91,0.08,14.946,476.7592448730117,46.415847688297006,1860393.7584372824,79498.67761808782,1132.4447621686738
2020-07-16 22:00:00+00:00,143.4,0.27,1.56,14.07,7.89,0.08,14.798,477.11465762320535,45.94419880128321,1861780.6380190412,79507.59980203539,1133.2889729767346
2020-07-16 23:00:00+00:00,143.1,0.28,1.57,14.03,7.87,0.08,14.659,477.4698130347606,45.53622571788033,1863166.5134226917,79516.59743493372,1134.1325725291224
2020-07-17 00:00:00+00:00,142.6,0.28,1.59,14.09,7.87,0.08,14.53,477.8246448449427,45.174922547937975,1864551.1260800378,79525.6686350393,1134.975403432168
2020-07-17 01:00:00+00:00,141.9,0.27,1.61,14.16,7.87,0.08,14.424,478.1790851062186,44.85474730399795,1865934.2108485193,79534.81125372877,1135.8173042903054
2020-07-17 02:00:00+00:00,141.4,0.27,1.64,14.13,7.87,0.08,14.296,478.533064186256,44.47568124702966,1867315.4960112104,79544.02287566039,1136.6581097060712
2020-07-17 03:00:00+00:00,141.0,0.27,1.64,14.18,7.86,0.08,14.2,478.7687588788122,44.046019849257036,1868235.2158480962,79596.75056924469,1137.2179545815015
2020-07-17 04:00:00+00:00,140.3,0.27,1.64,14.17,7.84,0.08,13.981,479.00419539309166,43.52723056540461,1869153.9282304652,79649.29279343889,1137.7771862068685
2020-07-17 05:00:00+00:00,139.5,0.27,1.63,14.19,7.84,0.08,13.822,479.35681812717706,43.082802367130675,1870529.9207059762,79701.92636339855,1138.6147698982827
2020-07-17 06:00:00+00:00,138.6,0.26,1.64,14.35,7.86,0.08,13.705,479.7087354042593,42.78449819740327,1871903.1603710914,79754.64798515716,1139.4506779198557
2020-07-17 07:00:00+00:00,138.5,0.24,1.64,14.61,7.99,0.08,13.769,480.05987029121167,43.10358640006207,1873273.347019973,79807.45410462488,1140.2847275325691
2020-07-17 08:00:00+00:00,138.8,0.23,1.62,14.57,8.08,0.08,13.882,480.4101441701086,43.46528857759752,1874640.1738724173,79860.3409075885,1141.1167319955073
2020-07-17 09:00:00+00:00,139.3,0.22,1.57,14.59,8.16,0.08,14.098,480.7594767382261,44.26688363032438,1876003.3275738577,79913.30431971153,1141.9465005658576
2020-07-17 10:00:00+00:00,140.6,0.2,1.53,14.61,8.26,0.08,14.598,481.10778600804093,45.946407147901525,1877362.488195362,79966.34000653417,1142.7738384989095
2020-07-17 11:00:00+00:00,142.4,0.18,1.47,14.46,8.31,0.08,15.23,500.86849590026515,48.14005396003047,1878717.3292336336,80065.5562181123,1189.7113916870906
2020-07-17 12:00:00+00:00,145.3,0.17,1.45,14.32,8.32,0.08,16.002,501.2284578866887,50.71653285126949,1880067.5176110114,80165.12164038818,1190.5664082819208
2020-07-17 13:00:00+00:00,147.4,0.16,1.41,14.15,8.33,0.08,16.562,501.58708891596183,52.567512684279286,1881412.7136754696,80265.53891784049,1191.4182634583415
2020-07-17 14:00:00+00:00,148.7,0.16,1.34,14.06,8.3,0.08,16.838,495.17433254177155,53.71668772346121,1882752.7627621107,80366.80479110812,1192.2668592736827
2020-07-17 15:00:00+00:00,150.0,0.15,1.34,13.56,8.32,0.08,17.246,478.937710649619,55.42453252237618,1884088.7578955614,80412.66264101498,1137.6192652009952
2020-07-17 16:00:00+00:00,151.2,0.15,1.33,13.56,8.26,0.08,17.385,479.2764058004464,55.614690960942,1885421.1477070926,80458.56245387401,1138.4237667469035
2020-07-17 17:00:00+00:00,149.9,0.16,1.36,13.58,8.2,0.08,17.178,479.6142497440104,54.75894679978706,1886750.1889620158,80504.50005180645,1139.2262464228274
2020-07-17 18:00:00+00:00,149.8,0.18,1.4,13.74,8.09,0.08,16.873,496.48935855581965,53.78165272455324,1888076.134212557,80606.0824329058,1195.6379229021643
2020-07-17 19:00:00+00:00,150.5,0.2,1.43,13.68,7.99,0.08,16.831,498.11185372563284,53.59969963866155,1889399.2317978565,80707.73354443752,1196.475784056182
2020-07-17 20:00:00+00:00,150.0,0.22,1.46,13.61,7.92,0.08,16.61,503.7571312566485,52.73002402017881,1890719.7258439688,80809.44946558485,1197.3119965001026
2020-07-17 21:00:00+00:00,149.6,0.24,1.48,13.64,7.88,0.09,16.268,504.41976581959403,51.47897843327267,1892037.8562638618,80911.22639676221,1198.1467121605558
2020-07-17 22:00:00+00:00,148.3,0.26,1.52,13.67,7.86,0.09,15.918,504.77061380470167,50.27730842837089,1893353.8587574179,81013.06066094906,1198.9800802962034
2020-07-17 23:00:00+00:00,147.7,0.27,1.55,13.83,7.87,0.09,15.638,505.1209561965487,49.37410151885501,1894667.9648114336,81114.94870502381,1199.8122474977404
2020-07-18 00:00:00+00:00,147.3,0.27,1.59,13.88,7.86,0.09,15.421,505.4708535866037,48.66076685187052,1895980.4016996198,81216.88710109782,1200.6433576878946
2020-07-18 01:00:00+00:00,146.2,0.27,1.6,13.84,7.87,0.09,15.207,505.8203654431205,47.957283912263705,1897291.3924826009,81318.87254784929,1201.4735521214263
2020-07-18 02:00:00+00:00,145.0,0.26,1.63,13.9,7.86,0.09,14.986,486.55057530063004,47.23923724810488,1898601.1560079155,81374.30098157098,1155.7020790988836
2020-07-18 03:00:00+00:00,143.4,0.27,1.64,14.03,7.88,0.08,14.763,486.8859661763426,46.54738483604213,1899909.9069100164,81429.7381252615,1156.4987320103148
2020-07-18 04:00:00+00:00,142.4,0.26,1.63,14.02,7.87,0.08,14.550999999999998,487.221151473454,45.876329887319415,1901217.855610271,81556.26830672735,1157.2948966115296
2020-07-18 05:00:00+00:00,141.1,0.26,1.65,14.02,7.87,0.08,14.319,487.556184036532,45.17892866980399,1902525.20831696,81682.85268249341,1158.0906984240664
2020-07-18 06:00:00+00:00,140.7,0.26,1.64,14.23,7.9,0.08,14.123,487.8911156304659,44.60451210345037,1903832.1670252783,81809.4887685244,1158.886260404907
2020-07-18 07:00:00+00:00,140.5,0.24,1.64,14.36,7.98,0.08,14.022,488.22599694046613,44.489802726971575,1905138.9295173355,81936.17420989939,1159.6817029464753
2020-07-18 08:00:00+00:00,141.5,0.22,1.62,14.6,8.15,0.08,14.409,488.56087757206404,45.93230115636154,1906445.6893621548,81991.88095522295,1160.4771438766365
2020-07-18 09:00:00+00:00,143.3,0.2,1.56,14.63,8.26,0.08,14.956,508.6093466176899,47.782038707642414,1907752.6359156738,82095.2087671632,1208.098210493325
2020-07-18 10:00:00+00:00,144.3,0.18,1.49,14.13,8.32,0.08,15.611,508.9578794134549,50.049493281901604,1909059.9543207434,82199.364447977,1208.9260793668761
2020-07-18 11:00:00+00:00,147.7,0.16,1.43,14.29,8.35,0.08,16.362000000000002,508.5845659084148,52.92483665303441,1910367.8255071295,82304.34834771714,1209.7542982932102
2020-07-18 12:00:00+00:00,150.7,0.15,1.39,13.96,8.38,0.08,17.255,485.324539100231,56.34047562208701,1911676.4261915118,82353.58784094475,1154.2767941013337
2020-07-18 13:00:00+00:00,153.3,0.14,1.36,13.77,8.4,0.08,18.059,454.58850682121056,59.521330416963536,1912985.9288774843,82402.81573957851,1155.067476322196
2020-07-18 14:00:00+00:00,155.5,0.13,1.35,13.91,8.37,0.08,18.616,428.5583199750019,61.75383035878388,1914296.5018555543,82452.03035219343,1155.8588047891042
2020-07-18 15:00:00+00:00,155.8,0.13,1.34,13.49,8.37,0.08,18.864,418.98156349790435,62.541631411406264,1915608.3092031435,82501.23011176611,1156.650878572569
2020-07-18 16:00:00+00:00,156.2,0.14,1.34,13.71,8.29,0.08,18.751,427.6799736111461,61.92138081079949,1916921.5107845888,82550.41357713271,1157.443794199226
2020-07-18 17:00:00+00:00,154.8,0.16,1.35,13.22,8.14,0.08,18.329,451.60147535371414,59.99217696198254,1918236.26225114,82599.57943444705,1158.2376456518352
2020-07-18 18:00:00+00:00,153.6,0.19,1.41,13.25,7.97,0.08,17.784000000000002,475.2774137827812,57.786628347992924,1919552.7150409613,82648.72649863853,1159.0325243692803
2020-07-18 19:00:00+00:00,151.8,0.21,1.48,13.43,7.9,0.08,17.258,488.2878066028054,55.70246654036655,1920871.0163791308,82697.85371487025,1159.8285192465685
2020-07-18 20:00:00+00:00,150.7,0.24,1.52,13.6,7.83,0.08,16.741,507.1208283165476,53.82014692340994,1922191.3092776407,82803.57604861331,1217.2416052511664
2020-07-18 21:00:00+00:00,149.8,0.26,1.56,13.73,7.81,0.09,16.291,512.8112755799784,52.170025527975284,1923513.7325353979,82909.31577168051,1218.0790393823713
2020-07-18 22:00:00+00:00,148.7,0.27,1.59,13.83,7.81,0.09,15.861,513.1644391865314,50.68113604319375,1924838.4207382228,83015.07229539538,1218.9179078064876
2020-07-18 23:00:00+00:00,147.9,0.28,1.61,13.88,7.81,0.09,15.48,513.5182413879418,49.38213845409705,1926165.5042588501,83120.84517098707,1219.758293082997
2020-07-19 00:00:00+00:00,145.5,0.28,1.66,13.94,7.82,0.09,15.125,513.8727158185367,48.22245815332113,1927495.1092569286,83226.63409092446,1220.6002751034123
2020-07-19 01:00:00+00:00,144.0,0.28,1.67,14.02,7.82,0.08,14.812,494.2965812301491,47.22399829103992,1928827.357679021,83285.09610222315,1174.1011430644871
2020-07-19 02:00:00+00:00,143.1,0.28,1.7,14.0,7.83,0.08,14.503,494.638701362607,46.23205910959003,1930162.3672586044,83343.54120424319,1174.9137799586863
2020-07-19 03:00:00+00:00,142.2,0.28,1.72,14.04,7.83,0.09,14.185,494.98155818279565,45.21982339162438,1931500.2515160695,83474.05331644513,1175.7281667049776
2020-07-19 04:00:00+00:00,141.3,0.28,1.72,14.08,7.84,0.09,13.858,495.3251797026711,44.21261837965737,1932841.1197587217,83604.60250351076,1176.5443698400738
2020-07-19 05:00:00+00:00,142.4,0.28,1.73,14.1,7.84,0.09,13.525,495.6695928545107,43.253725986686554,1934185.0770807802,83735.18920748896,1177.3624533361299
2020-07-19 06:00:00+00:00,139.0,0.27,1.72,14.4,7.92,0.08,13.302,496.01482349091293,42.7107749401805,1935532.2243633782,83865.81401168878,1178.1824786007433
2020-07-19 07:00:00+00:00,138.5,0.26,1.72,14.6,8.03,0.08,13.293,496.3608963847977,42.80140637846055,1936882.658274563,83996.47764185841,1179.004504476954
2020-07-19 08:00:00+00:00,139.3,0.24,1.7,14.74,8.14,0.08,13.459,496.7078352294058,43.41858072579857,1938236.4712692965,84127.18096736443,1179.828587243244
2020-07-19 09:00:00+00:00,141.9,0.22,1.65,14.79,8.2,0.09,13.822,497.0556626382994,44.74633027070244,1939593.7515894535,84185.51736474283,1180.6547806135377
2020-07-19 10:00:00+00:00,141.9,0.2,1.59,14.6,8.29,0.08,14.478,497.4044001453621,46.957293037108236,1940954.5832638245,84243.84139138433,1181.483135737202
2020-07-19 11:00:00+00:00,144.6,0.17,1.53,14.57,8.34,0.08,15.368,517.8247967614434,50.19478068820704,1942319.0461081124,84349.8282318712,1229.9876407635234
2020-07-19 12:00:00+00:00,148.1,0.15,1.46,14.21,8.39,0.08,16.418,512.6477092537316,54.00159321193332,1943687.2157249358,84410.48234198397,1230.8540441088096
2020-07-19 13:00:00+00:00,151.7,0.14,1.43,13.84,8.4,0.08,17.39,486.6657621869467,57.623633257620305,1945059.1635038261,84413.83852024756,1174.4334055839324
2020-07-19 14:00:00+00:00,153.7,0.13,1.41,13.72,8.36,0.08,18.092,457.11147221944503,60.601809546206276,1946434.9566212296,84417.14746338627,1175.2641141950476
2020-07-19 15:00:00+00:00,155.9,0.12,1.38,13.76,8.37,0.08,18.658,433.1477826907703,62.65071771136779,1947814.6580405063,84420.41100710524,1176.0971826522616
2020-07-19 16:00:00+00:00,155.7,0.12,1.38,13.33,8.3,0.08,18.566,442.22027595085405,61.97490585701414,1949198.3265119307,84423.63115301737,1176.9326464291921
2020-07-19 17:00:00+00:00,155.4,0.14,1.37,13.27,8.19,0.08,18.268,459.5419508491901,60.546623904772616,1950586.0165726906,84426.81007026263,1177.7705384555802
2020-07-19 18:00:00+00:00,152.4,0.16,1.41,13.35,8.04,0.08,17.709,484.7032247226353,58.132763791348,1951977.7785468884,84429.95009712741,1178.6108891172923
2020-07-19 19:00:00+00:00,150.6,0.18,1.47,13.38,7.89,0.08,17.096,496.5500187539101,55.82044113327197,1953373.658545541,84433.05374266404,1179.4537262563183
2020-07-19 20:00:00+00:00,149.7,0.19,1.53,13.55,7.84,0.08,16.623,515.3595597199118,54.11263879726109,1954773.6984665785,84493.69925295247,1237.8746398132496
2020-07-19 21:00:00+00:00,148.6,0.21,1.58,13.69,7.83,0.08,16.302,521.348308434526,52.98721282128466,1956177.935994846,84600.01837420918,1238.7638834253771
2020-07-19 22:00:00+00:00,147.6,0.22,1.6,13.75,7.82,0.08,15.996,521.895094493979,51.94594434222821,1957586.4046021025,84706.38520763145,1239.6558063989999
2020-07-19 23:00:00+00:00,147.1,0.24,1.63,13.75,7.82,0.08,15.784,522.2717298774638,51.248290222831656,1958999.1335470197,84812.8030623647,1240.5504272623843
2020-07-20 00:00:00+00:00,146.5,0.25,1.65,13.83,7.84,0.08,15.604,522.6495077497246,50.63169656353042,1960416.1478751854,84919.27542080836,1241.4477618758303
2020-07-20 01:00:00+00:00,145.9,0.24,1.66,13.88,7.85,0.08,15.407,523.0284336647335,49.93281628068453,1961837.4684191002,85025.80593994973,1242.3478234316708
2020-07-20 02:00:00+00:00,145.1,0.24,1.68,13.91,7.86,0.08,15.17,523.4085120532482,49.11691414632418,1963263.1117981798,85132.39845269793,1243.250622454271
2020-07-20 03:00:00+00:00,143.6,0.24,1.69,14.07,7.85,0.08,14.902,503.48781807464115,48.22606893055136,1964693.090418753,85191.11355767614,1195.9330595597175
2020-07-20 04:00:00+00:00,142.4,0.23,1.7,13.94,7.85,0.08,14.619000000000002,503.8553888090049,47.29266432269246,1966127.4124740628,85250.14252065933,1196.8061491900353
2020-07-20 05:00:00+00:00,141.4,0.23,1.7,14.04,7.87,0.08,14.299,504.22407364635484,46.282199893058525,1967566.081944267,85309.20963590678,1197.6818851457358
2020-07-20 06:00:00+00:00,140.6,0.22,1.72,14.2,7.93,0.08,14.087,504.5938725269991,45.734006301052204,1969009.098596437,85368.31922527195,1198.5602672850334
2020-07-20 07:00:00+00:00,140.2,0.21,1.71,14.5,8.04,0.08,14.076,504.96478431156686,45.861846052023004,1970456.4579845583,85427.47579064096,1199.441292901584
2020-07-20 08:00:00+00:00,140.5,0.2,1.68,14.5,8.16,0.08,14.288,505.3368067810083,46.72549942470206,1971908.1514495306,85486.68401536993,1200.3249567244852
2020-07-20 09:00:00+00:00,142.4,0.18,1.62,14.56,8.26,0.08,14.72,505.709936636595,48.358550835959306,1973364.1661191678,85545.94876572235,1201.2112509182778
2020-07-20 10:00:00+00:00,144.9,0.16,1.56,14.34,8.34,0.08,15.428,526.4907892378199,50.92473561576547,1974824.4849081973,85653.74687315652,1250.5719459330637
2020-07-20 11:00:00+00:00,147.5,0.14,1.48,14.01,8.38,0.08,16.33,519.6158243325182,54.503988384533535,1976289.0865182613,85715.53489700776,1251.4994155383433
2020-07-20 12:00:00+00:00,150.5,0.13,1.44,13.68,8.41,0.08,17.394000000000002,489.52489835413513,58.686938545091415,1977757.9454379156,85719.14553118512,1194.177042459286
2020-07-20 13:00:00+00:00,154.0,0.12,1.41,13.54,8.43,0.08,18.337,452.3971400695826,62.27025954741047,1979231.031942631,85722.79376487872,1195.066497151932
2020-07-20 14:00:00+00:00,156.1,0.11,1.38,13.28,8.39,0.08,18.793,430.1802810531512,64.10573807884731,1980708.3120947906,85726.48538958836,1195.9584839833133
2020-07-20 15:00:00+00:00,157.4,0.12,1.39,13.53,8.3,0.08,18.888,427.25688316897043,64.3828798843393,1982189.7477436934,85785.71910430527,1196.8529799179048
2020-07-20 16:00:00+00:00,156.6,0.13,1.38,13.14,8.2,0.08,18.561,450.8018022472056,62.57283368438762,1983675.296525552,85845.04529693467,1197.7499593763066
2020-07-20 17:00:00+00:00,155.5,0.14,1.41,13.39,8.13,0.08,18.3,461.37744050206123,61.724550591158135,1985164.9118634923,85904.46844474708,1198.6493942352424
2020-07-20 18:00:00+00:00,155.0,0.16,1.45,13.36,8.06,0.08,18.123,469.3526187740494,61.06435467662273,1986658.542967555,85908.38177567247,1199.5512538275595
2020-07-20 19:00:00+00:00,155.5,0.18,1.49,13.34,7.95,0.09,17.919,480.1678216529061,60.08900540534378,1988156.1348346951,85912.36149655851,1200.455504942231
2020-07-20 20:00:00+00:00,155.2,0.2,1.52,13.39,7.86,0.09,17.593,493.1230243529784,58.78934625417674,1989657.628248781,85916.41161188278,1201.362111824353
2020-07-20 21:00:00+00:00,154.0,0.21,1.55,13.48,7.83,0.09,17.3,503.4644185059149,57.632309627070015,1991162.9597805953,85920.53593589737,1202.2710361751458
2020-07-20 22:00:00+00:00,153.3,0.23,1.59,13.46,7.81,0.09,17.008,512.4982216686043,56.48597470738255,1992672.0617878356,85983.42990919955,1261.874053598392
2020-07-20 23:00:00+00:00,152.9,0.26,1.62,13.47,7.79,0.09,16.732,519.3252508321468,55.50147753385987,1994184.8624151123,86046.44970728314,1262.8320455813353
2020-07-21 00:00:00+00:00,152.0,0.27,1.65,13.52,7.8,0.09,16.507,524.3875302197927,54.67583806597652,1995701.285593951,86109.59868116661,1263.7923315713617
2020-07-21 01:00:00+00:00,151.0,0.26,1.66,13.61,7.83,0.09,16.308,528.2905369759221,53.95627253623084,1997221.2510427902,86172.87998977478,1264.7548607295894
2020-07-21 02:00:00+00:00,150.2,0.25,1.67,13.64,7.83,0.09,16.114,531.5922989752586,53.253907866629554,1998744.674266984,86282.89749022506,1265.71957954917
2020-07-21 03:00:00+00:00,148.8,0.24,1.67,13.69,7.84,0.09,15.886,533.2749878110761,52.40753568418099,2000271.4665587994,86393.08519007004,1266.6864318552875
2020-07-21 04:00:00+00:00,149.2,0.24,1.66,13.63,7.83,0.09,15.633,533.6829060569721,51.5120600388789,2001801.5349974178,86503.44565226366,1267.6553588051593
2020-07-21 05:00:00+00:00,148.4,0.23,1.66,13.7,7.84,0.09,15.394,534.0916718318624,50.723778063231734,2003334.7824489349,86613.98125272764,1268.6262988880342
2020-07-21 06:00:00+00:00,147.1,0.22,1.66,13.9,7.91,0.09,15.234000000000002,534.5012581165072,50.323574456302694,2004871.10756636,86724.69418024793,1269.599187925195
2020-07-21 07:00:00+00:00,145.7,0.21,1.65,14.04,8.04,0.08,15.271,534.9116367684521,50.64405852042635,2006410.4047896173,86835.5864363714,1270.5739590699575
2020-07-21 08:00:00+00:00,146.3,0.19,1.63,14.27,8.17,0.08,15.512,535.3227785220286,51.61159161638261,2007952.5643455447,86946.65983530243,1271.5505428076685
2020-07-21 09:00:00+00:00,147.4,0.17,1.58,14.2,8.28,0.08,15.931,533.6846666783171,53.435483437210685,2009497.4722478932,87011.09049176483,1272.5288669557092
2020-07-21 10:00:00+00:00,148.9,0.15,1.52,13.99,8.37,0.08,16.605,521.1063894248224,56.067379408485785,2011045.01029733,87075.67326906143,1273.508856663493
2020-07-21 11:00:00+00:00,151.4,0.14,1.45,13.99,8.42,0.08,17.36,497.6772527824117,59.24653796047853,2012595.0560814347,87081.1307803243,1215.2118095560722
2020-07-21 12:00:00+00:00,153.7,0.12,1.43,13.67,8.42,0.08,18.103,470.4465234823479,62.03640376297512,2014147.4829747013,87143.00315647089,1216.1491702479161
2020-07-21 13:00:00+00:00,154.6,0.12,1.4,13.55,8.36,0.08,18.306,458.11052764543297,63.17429425663546,2015702.1601385383,87205.02356980955,1217.0878896608617
2020-07-21 14:00:00+00:00,156.0,0.13,1.31,12.67,8.14,0.08,18.612,450.56420689651236,63.859168168596725,2017258.952521268,87267.19265127069,1218.027886250242
2020-07-21 15:00:00+00:00,154.2,0.14,1.5,13.18,8.1,0.08,18.269,472.5262567568611,62.02874024098981,2018817.720858127,87329.51084862564,1218.9690759275143
2020-07-21 16:00:00+00:00,152.2,0.15,1.57,13.26,7.99,0.08,17.657,497.6854037756457,59.57302966287647,2020378.3216712656,87391.97842648668,1219.91137206026
2020-07-21 17:00:00+00:00,150.9,0.16,1.61,13.4,7.95,0.08,17.268,509.6326951827827,58.22113384136625,2021940.6072697488,87454.59546630702,1220.8546854721853
2020-07-21 18:00:00+00:00,150.1,0.17,1.64,13.46,7.98,0.08,17.049,514.3773471905536,57.42755863053846,2023504.4257495552,87517.36186638086,1221.79892444312
2020-07-21 19:00:00+00:00,148.1,0.18,1.63,13.28,7.95,0.08,16.837,522.7617267345775,56.50526661084206,2025069.6209935774,87639.9233903657,1282.3900432314097
2020-07-21 20:00:00+00:00,146.1,0.2,1.64,13.28,7.89,0.08,16.472,531.2820674667645,55.06256399658139,2026636.0326716227,87706.0637699161,1283.3819848015673
2020-07-21 21:00:00+00:00,146.7,0.2,1.65,13.34,7.88,0.08,16.137,536.7518360815594,53.901353343568026,2028203.4962404117,87772.3593230229,1284.374592489177
2020-07-21 22:00:00+00:00,145.8,0.21,1.67,13.35,7.87,0.08,15.875,540.211499364621,52.97950054941843,2029771.8429435797,87838.80917464446,1285.3677594280455
2020-07-21 23:00:00+00:00,145.2,0.22,1.7,13.27,7.87,0.08,15.63,541.5581393313689,52.10797297705453,2031340.8998116758,87905.41225764547,1286.3613760840115
2020-07-22 00:00:00+00:00,144.2,0.25,1.71,13.24,7.85,0.08,15.411,541.976594037333,51.39639647180234,2032910.4896621637,87972.16731279701,1287.3553302549476
2020-07-22 01:00:00+00:00,144.0,0.27,1.76,13.28,7.86,0.08,15.209,542.3951424767893,50.68314910655975,2034480.4310994202,88086.41567680328,1288.3495070707581
2020-07-22 02:00:00+00:00,143.4,0.28,1.75,13.37,7.86,0.08,14.986,521.7744431055074,49.921782594009734,2036050.538514737,88150.8711203731,1239.3692235285212
2020-07-22 03:00:00+00:00,142.6,0.26,1.77,13.37,7.85,0.08,14.764,522.1768051617014,49.177427612398155,2037620.6220863196,88215.4679065463,1240.3249528781505
2020-07-22 04:00:00+00:00,141.6,0.25,1.76,13.43,7.86,0.08,14.531,522.5791113825953,48.400325771888596,2039190.487779288,88280.20408630859,1241.280549602364
2020-07-22 05:00:00+00:00,140.9,0.24,1.75,13.61,7.87,0.08,14.292,522.9813109635949,47.65392887328811,2040759.937345676,88345.07752599762,1242.2358930251658
2020-07-22 06:00:00+00:00,140.4,0.22,1.74,13.81,7.93,0.08,14.155,523.383352020426,47.31290938193611,2042328.7683244303,88410.08590730287,1243.1908599059998
2020-07-22 07:00:00+00:00,139.7,0.21,1.72,13.99,8.02,0.08,14.107,523.7851815891371,47.30470619600602,2043896.7740414138,88475.22672726568,1244.1453244397555
2020-07-22 08:00:00+00:00,140.0,0.19,1.7,14.15,8.15,0.08,14.342,524.1867456260971,48.3880676795971,2045463.7436094023,88540.4972982792,1245.0991582567626
2020-07-22 09:00:00+00:00,141.1,0.17,1.63,14.22,8.24,0.08,14.85,524.5879890079963,50.34055633674113,2047029.4619280861,88605.89474808845,1246.0522304227939
2020-07-22 10:00:00+00:00,143.2,0.16,1.57,14.1,8.31,0.08,15.533,488.430143148587,61.6917606474288,2048593.709684069,88661.35953263355,1236.9479202822974
2020-07-22 11:00:00+00:00,145.0,0.16,1.45,13.57,8.28,0.08,16.184,533.9756320447478,55.8575955005176,2050156.2633508698,88729.64823354945,1298.2763416794185
2020-07-22 12:00:00+00:00,147.7,0.14,1.61,13.56,8.25,0.08,16.825,524.2640221074386,57.57890071185201,2051716.8951889202,88798.05881256456,1299.2646231239264
2020-07-22 13:00:00+00:00,148.6,0.14,1.61,13.57,8.27,0.08,17.164,512.6068927509939,59.232155026630345,2053275.373245567,88863.4001318062,1239.774724825571
2020-07-22 14:00:00+00:00,150.5,0.13,1.54,13.65,8.32,0.08,17.503,508.31946430965144,59.816863737487175,2054831.461355071,88928.8503137835,1240.7142961723578
2020-07-22 15:00:00+00:00,149.1,0.14,1.53,13.46,8.21,0.08,17.069000000000003,522.934332696179,57.996553306702374,2056384.9191386066,89054.97381431976,1302.2206831885217
2020-07-22 16:00:00+00:00,144.1,0.17,1.51,13.41,8.02,0.08,16.648,530.0952409823946,56.96584662626396,2057935.5020042625,89181.24376893886,1303.2026010482873
2020-07-22 17:00:00+00:00,145.9,0.18,1.6,13.34,8.03,0.08,16.933,525.4345049050434,57.77689697010779,2059482.9611470415,89307.65577127114,1304.182540787857
2020-07-22 18:00:00+00:00,149.8,0.17,1.56,13.37,8.05,0.08,16.739,530.7102183809562,57.02068830428283,2061027.0435488608,89434.20522433554,1305.1603421816928
2020-07-22 19:00:00+00:00,145.8,0.19,1.56,13.25,7.96,0.08,16.637,533.1404362979495,56.68289743745429,2062567.4919785508,89560.8873404155,1306.135842336288
2020-07-22 20:00:00+00:00,142.5,0.2,1.55,13.04,7.9,0.08,16.552,533.3283384280415,56.73048902718886,2064104.0449918574,89630.12157629243,1307.1088756901715
2020-07-22 21:00:00+00:00,139.0,0.22,1.59,13.01,7.86,0.08,16.523,536.8207382878779,56.16613283484616,2065636.4369314392,89699.43696688095,1308.0792740139004
2020-07-22 22:00:00+00:00,141.6,0.22,1.63,13.12,7.86,0.08,16.226,542.0430321782999,55.13079761373074,2067164.3979268696,89768.82802689202,1309.0468664100692
2020-07-22 23:00:00+00:00,142.0,0.23,1.63,13.07,7.86,0.08,16.090999999999998,544.2157592317322,54.67765474435419,2068687.6538946358,89838.28907894294,1310.0114793133027
2020-07-23 00:00:00+00:00,143.1,0.23,1.64,13.18,7.88,0.08,15.917,546.7528271144465,54.03936216038959,2070205.92653814,89907.81425355737,1310.972936490259
2020-07-23 01:00:00+00:00,142.4,0.23,1.65,13.32,7.88,0.08,15.737,548.9538534154506,53.36557248247815,2071718.933347697,89977.39748916533,1311.9310590396287
2020-07-23 02:00:00+00:00,141.9,0.22,1.68,13.28,7.88,0.08,15.529000000000002,550.8951430867183,52.56654889490522,2073226.387600537,90047.03253210319,1312.8856653921355
2020-07-23 03:00:00+00:00,141.5,0.23,1.67,13.35,7.89,0.08,15.247,552.3283975630562,51.56830983868249,2074727.9507298,90164.93601369133,1313.8365411478565
2020-07-23 04:00:00+00:00,140.8,0.22,1.68,13.38,7.87,0.08,14.975,532.0693708227933,50.60970988086142,2076223.0563521266,90231.95259804712,1263.8227335458273
2020-07-23 05:00:00+00:00,139.7,0.23,1.69,13.51,7.9,0.08,14.723,532.4509180587684,49.81505745058067,2077711.917038082,90298.99973441864,1264.7290215172645
2020-07-23 06:00:00+00:00,139.2,0.22,1.7,13.65,7.94,0.08,14.558,532.8309618651139,49.39703631056579,2079194.911091918,90366.07120553056,1265.631738396945
2020-07-23 07:00:00+00:00,139.1,0.2,1.71,13.9,8.05,0.08,14.554,533.2095974950468,49.62958506185282,2080672.4102075074,90433.16102306852,1266.531110439541
2020-07-23 08:00:00+00:00,140.1,0.18,1.68,14.03,8.18,0.08,14.805,533.5869185077561,50.607224531204736,2082144.779468346,90500.26342621994,1267.427359875905
2020-07-23 09:00:00+00:00,141.3,0.17,1.63,14.15,8.25,0.08,15.166,553.5886482635348,52.13524819581789,2083612.37734755,90618.51484412252,1319.4626688208562
2020-07-23 10:00:00+00:00,143.0,0.16,1.57,14.1,8.32,0.08,15.77,548.7586549391211,54.54652054790522,2085075.5557078584,90688.33213533234,1320.3892371428929
2020-07-23 11:00:00+00:00,145.7,0.14,1.5,13.81,8.38,0.08,16.64,530.1496100055143,58.36809368892179,2086534.6598016317,90758.14594520007,1321.313225406059
2020-07-23 12:00:00+00:00,149.5,0.12,1.47,13.52,8.43,0.08,17.676,495.7248375185344,62.53760065468934,2087990.0282708523,90824.70445554011,1260.7355527993454
2020-07-23 13:00:00+00:00,152.4,0.11,1.42,13.33,8.4,0.08,18.45,458.5792680093948,65.90248507970203,2089441.9931471234,90891.25021256835,1261.612254180169
2020-07-23 14:00:00+00:00,154.0,0.1,1.37,13.04,8.4,0.08,19.144,419.4343675751247,68.90958903818624,2090890.8798516719,90957.77882553537,1262.4870969503306
2020-07-23 15:00:00+00:00,154.8,0.1,1.34,12.87,8.36,0.08,19.331,413.0807281110457,69.4088963883124,2092337.0071953451,91024.28611922638,1263.3602736089156
2020-07-23 16:00:00+00:00,155.3,0.1,1.35,12.51,8.22,0.08,19.315,414.1851511273863,69.38331489006049,2093780.6873786123,91090.76813251371,1264.2319726636397
2020-07-23 17:00:00+00:00,155.4,0.11,1.33,12.55,8.12,0.08,19.163,432.4152083051441,68.12791610430806,2095222.2259915653,91157.22111690932,1265.10237863085
2020-07-23 18:00:00+00:00,153.8,0.13,1.4,12.83,8.01,0.08,18.535,471.8802962642937,65.06635602180887,2096661.9220139158,91223.64153511729,1265.971672035524
2020-07-23 19:00:00+00:00,151.7,0.14,1.46,12.71,7.89,0.08,18.047,491.88847771850084,63.31235672732946,2098100.067815,91290.02605958634,1266.8400294112714
2020-07-23 20:00:00+00:00,151.8,0.15,1.49,12.77,7.87,0.08,17.825,502.3028274010287,62.33198318659438,2099536.9491537735,91356.37157106231,1267.7076233003313
2020-07-23 21:00:00+00:00,151.3,0.17,1.54,12.78,7.86,0.08,17.53,514.7149356030702,61.03223811726597,2100972.8451788155,91422.67515714074,1268.5746222535747
2020-07-23 22:00:00+00:00,150.3,0.18,1.56,12.86,7.85,0.08,17.224,524.7691973868303,59.855163301102536,2102408.0284283254,91430.24229437285,1269.441190830503
2020-07-23 23:00:00+00:00,147.6,0.2,1.57,12.75,7.83,0.08,16.832,537.8277882055864,58.0071265929358,2103842.7648301255,91499.68395739561,1332.2737086040909
2020-07-24 00:00:00+00:00,127.8,0.38,1.55,12.47,7.8,0.07,16.952,537.3952214665385,58.150783903138375,2105277.31370166,91569.07377291871,1333.182147094458
2020-07-24 01:00:00+00:00,139.5,0.24,1.58,12.75,7.86,0.08,16.428,545.4338855796389,56.75981162230086,2106711.9277499937,91638.40953904761,1334.090626858507
2020-07-24 02:00:00+00:00,140.9,0.22,1.6,12.77,7.87,0.08,16.259,548.6725530120144,56.133849521339194,2108146.853071814,91707.6892632372,1334.999303738752
2020-07-24 03:00:00+00:00,142.3,0.2,1.63,12.92,7.88,0.08,16.022000000000002,552.8202904485697,55.13539106233337,2109582.3291534306,91776.91116077355,1335.9083293916374
2020-07-24 04:00:00+00:00,144.1,0.19,1.64,12.83,7.89,0.08,15.738,556.1718121716484,54.0622112420742,2111018.588870774,91846.07365325594,1336.8178512875375
2020-07-24 05:00:00+00:00,143.6,0.2,1.72,12.94,7.9,0.08,15.445,558.3514327789951,53.02281137799271,2112455.858489397,91915.17536707866,1337.7280127107563
2020-07-24 06:00:00+00:00,140.7,0.2,1.72,13.02,7.88,0.08,15.186,559.4115264081852,52.1247820644146,2113894.357664474,91984.21513191299,1338.6389527595284
2020-07-24 07:00:00+00:00,137.8,0.21,1.7,12.94,7.88,0.08,15.019,542.0923278642447,51.66930663364526,2115334.299440801,92001.27140529966,1287.6302324566382
2020-07-24 08:00:00+00:00,132.0,0.21,1.63,12.88,7.87,0.08,14.876,542.4617613477888,51.12130857715248,2116775.8902527974,92018.22860916134,1288.5077466693317
2020-07-24 09:00:00+00:00,127.8,0.2,1.57,13.05,7.88,0.08,14.695,542.8316686347706,50.51533726634348,2118219.3299245015,92035.08612851148,1289.3863863058682
2020-07-24 10:00:00+00:00,124.5,0.2,1.56,13.23,7.92,0.07,14.593,543.202099239654,50.33756553399734,2119664.8116695755,92051.8435408258,1290.2662689778003
2020-07-24 11:00:00+00:00,125.9,0.19,1.6,13.37,8.01,0.07,14.538,543.573100982875,50.03799969679431,2121112.5220913035,92127.7792395426,1291.147508272862
2020-07-24 12:00:00+00:00,127.4,0.19,1.65,13.19,7.98,0.08,14.315,543.9447199908413,49.155465761668545,2122562.6411825893,92203.66028304963,1292.0302137549675
2020-07-24 13:00:00+00:00,91.2,0.16,1.42,13.2,7.85,0.05,13.862,544.3170006959335,47.63412739557084,2124015.342325961,92279.48688435298,1292.9144909642125
2020-07-24 14:00:00+00:00,85.2,0.15,1.38,13.29,7.85,0.05,13.76,544.4412487437783,47.76612504326018,2124500.1788450093,92354.66861507135,1293.2096169685942
2020-07-24 15:00:00+00:00,90.8,0.13,1.4,13.42,7.94,0.05,13.908,544.6899858365038,48.27647009156912,2125470.7922935677,92429.4999805607,1293.8004414168734
2020-07-24 16:00:00+00:00,100.8,0.15,1.49,13.3,7.99,0.06,14.199000000000002,545.0637164568761,49.245484069688544,2126929.151247179,92504.27677110584,1294.6881626054064
2020-07-24 17:00:00+00:00,113.3,0.19,1.56,13.16,8.0,0.07,14.292,545.4382319073471,49.46363692605117,2128390.572738188,92578.99983363212,1295.577747998449
2020-07-24 18:00:00+00:00,118.3,0.2,1.58,13.03,7.96,0.07,14.319,545.8135698441854,49.50565619479516,2129855.2037076084,92653.67019622981,1296.4692870408203
2020-07-24 19:00:00+00:00,120.7,0.2,1.6,13.06,7.95,0.07,14.22,546.1897662296316,49.12272148557671,2131323.184486077,92668.64301815191,1297.3628651535191
2020-07-24 20:00:00+00:00,119.7,0.2,1.6,13.14,7.92,0.07,14.066,546.5668553318983,48.59921813663317,2132794.648793851,92683.51959708407,1298.2585637337252
2020-07-24 21:00:00+00:00,119.0,0.2,1.61,13.18,7.88,0.07,13.892,546.9448697251705,47.99341164572829,2134269.7237408096,92698.3014647497,1299.1564601547993
2020-07-24 22:00:00+00:00,119.1,0.21,1.62,13.25,7.88,0.07,13.698,547.3238402896052,47.382015557210664,2135748.529826455,92712.99033308793,1300.056627766283
2020-07-24 23:00:00+00:00,120.3,0.21,1.65,13.29,7.88,0.07,13.496,547.7037962113315,46.729700661090824,2137231.1809399095,92727.58809289783,1300.9591358938987
2020-07-25 00:00:00+00:00,122.1,0.21,1.68,13.33,7.89,0.07,13.302,547.2695026374262,46.161910314203354,2138717.7843599184,92742.09681248241,1301.8640498395496
2020-07-25 01:00:00+00:00,123.5,0.21,1.71,13.5,7.91,0.08,13.132,544.2651881413578,45.62365617683208,2140208.4407548485,92756.51873629299,1302.7714308813188
2020-07-25 02:00:00+00:00,124.8,0.21,1.74,13.54,7.91,0.08,12.943,513.4401753084778,45.05855736177973,2141703.2441826886,92736.72237572998,1219.5728629655055
2020-07-25 03:00:00+00:00,125.9,0.21,1.78,13.59,7.92,0.08,12.754,513.7995464251593,44.48847607067548,2143202.282091048,92716.82389892108,1220.426476069262
2020-07-25 04:00:00+00:00,126.3,0.21,1.78,13.68,7.93,0.08,12.566,514.1599520724225,43.90959291905275,2144705.6353171603,92696.82589580903,1221.2825464903146
2020-07-25 05:00:00+00:00,126.8,0.2,1.8,13.65,7.92,0.08,12.376,514.521410045006,43.38419100952417,2146213.378087878,92676.73111928032,1222.141116496451
2020-07-25 06:00:00+00:00,127.0,0.2,1.8,13.8,7.96,0.08,12.273,514.8839365529119,43.240555719655895,2147725.5780196777,92656.54248396556,1223.0022245912396
2020-07-25 07:00:00+00:00,127.4,0.19,1.79,13.95,8.04,0.08,12.363,515.2475462214076,43.72992928014165,2149242.296118656,92636.26306503984,1223.8659055140322
2020-07-25 08:00:00+00:00,128.5,0.18,1.76,13.66,8.13,0.08,12.646,515.6122520910235,44.748589430180225,2150763.5867805327,92615.89609702303,1224.7321902399608
2020-07-25 09:00:00+00:00,130.2,0.16,1.71,12.57,8.18,0.08,13.095999999999998,549.6385990669932,46.404211889220896,2152289.4977906495,92679.96918678569,1310.1253201854552
2020-07-25 10:00:00+00:00,132.7,0.15,1.65,12.48,8.22,0.08,13.776,551.9549964425498,48.80869703700371,2153820.070323968,92754.07826517928,1311.05699867589
2020-07-25 11:00:00+00:00,135.6,0.13,1.59,12.22,8.26,0.08,14.741,566.8393149942482,52.526922496543584,2155355.338945073,92820.69634373845,1364.894420238596
2020-07-25 12:00:00+00:00,138.5,0.12,1.55,12.03,8.28,0.08,15.603,563.3833077928938,55.34996226028519,2156895.331608172,92887.30135239022,1365.869631775688
2020-07-25 13:00:00+00:00,140.9,0.11,1.54,11.78,8.26,0.08,16.188,556.9029918955779,57.32032180277246,2158440.069657092,93014.37447592746,1366.8478483628114
2020-07-25 14:00:00+00:00,142.8,0.11,1.55,11.8,8.26,0.08,16.589000000000002,545.8792960247604,59.49237239849466,2159989.5678252834,93141.48925908514,1367.829079330031
2020-07-25 15:00:00+00:00,144.8,0.11,1.52,11.59,8.26,0.08,17.008,537.731029987778,60.77780187213518,2161543.8342358186,93144.4161694472,1305.1475935505803
2020-07-25 16:00:00+00:00,146.6,0.11,1.5,11.4,8.24,0.08,17.325,531.3118748007466,61.6917324392617,2163102.8704013904,93147.30251334266,1306.0889449437495
2020-07-25 17:00:00+00:00,145.8,0.12,1.53,11.23,8.14,0.08,17.053,540.6406859594232,60.51163705671095,2164666.671224314,93213.91086157666,1370.7908890218566
2020-07-25 18:00:00+00:00,145.4,0.14,1.57,11.35,8.05,0.08,16.746,549.3541175520764,59.22873677343854,2166235.224996527,93280.53470648367,1371.7841870887016
2020-07-25 19:00:00+00:00,144.2,0.15,1.61,11.28,7.97,0.08,16.428,557.0372484002371,57.849864935668826,2167808.513399589,93347.17934754229,1372.7804833949135
2020-07-25 20:00:00+00:00,144.0,0.16,1.63,11.27,7.92,0.08,16.188,555.8092455893287,49.01986062009835,2168859.9906469383,93360.28245662487,1320.2119847727522
2020-07-25 21:00:00+00:00,144.0,0.16,1.63,11.27,7.92,0.08,16.188,555.8092455893287,49.01986062009835,2168859.9906469383,93372.41516738373,1320.2119847727522
2020-07-25 22:00:00+00:00,144.0,0.16,1.63,11.27,7.92,0.08,16.188,555.8092455893287,49.01986062009835,2168859.9906469383,93383.5802857464,1320.2119847727522
2020-07-25 23:00:00+00:00,144.0,0.16,1.63,11.27,7.92,0.08,16.188,555.8092455893287,49.01986062009835,2168859.9906469383,93393.78079120586,1320.2119847727522
2020-07-26 00:00:00+00:00,144.0,0.16,1.63,11.27,7.92,0.08,16.188,555.8092455893287,49.01986062009835,2168859.9906469383,93403.01983948835,1320.2119847727522
2020-07-26 01:00:00+00:00,144.0,0.16,1.63,11.27,7.92,0.08,16.188,555.8092455893287,49.01986062009835,2168859.9906469383,93411.30076522147,1320.2119847727522
2020-07-26 02:00:00+00:00,144.0,0.16,1.63,11.27,7.92,0.08,16.188,555.8092455893287,49.01986062009835,2168859.9906469383,93418.62708460209,1320.2119847727522
2020-07-26 03:00:00+00:00,144.0,0.16,1.63,11.27,7.92,0.08,16.188,555.8092455893287,49.01986062009835,2168859.9906469383,93425.00252822699,1320.2119847727522
2020-07-26 04:00:00+00:00,144.0,0.16,1.63,11.27,7.92,0.08,16.188,555.8092455893287,49.01986062009835,2168859.9906469383,93481.3917794539,1320.2119847727522
2020-07-26 05:00:00+00:00,144.0,0.16,1.63,11.27,7.92,0.08,16.188,555.8092455893287,49.01986062009835,2168859.9906469383,93536.8747427094,1320.2119847727522
2020-07-26 06:00:00+00:00,144.0,0.16,1.63,11.27,7.92,0.08,16.188,555.8092455893287,49.01986062009835,2168859.9906469383,93591.4549890852,1320.2119847727522
2020-07-26 07:00:00+00:00,144.0,0.16,1.63,11.27,7.92,0.08,16.188,555.8092455893287,49.01986062009835,2168859.9906469383,93645.13586341841,1320.2119847727522
2020-07-26 08:00:00+00:00,136.4,0.18,1.81,12.4,8.1,0.08,13.505,556.0792396237853,47.77039213726424,2169913.5522126975,93698.5618043116,1320.853300769086
2020-07-26 09:00:00+00:00,136.4,0.17,1.77,12.35,8.16,0.08,13.718,556.48522631624,48.6632237222825,2171497.779716985,93700.91677519678,1321.817639706033
2020-07-26 10:00:00+00:00,138.2,0.15,1.72,12.37,8.23,0.08,14.373,556.8923984599674,51.496544270815725,2173086.6330490303,93703.31233249561,1322.7847944417276
2020-07-26 11:00:00+00:00,142.5,0.13,1.63,12.17,8.29,0.08,15.365,567.5504535811165,55.27537226742282,2174680.06524542,93759.13105059096,1377.1319435014152
2020-07-26 12:00:00+00:00,146.6,0.12,1.57,11.82,8.31,0.08,16.383,550.9092853907495,59.47387495447906,2176278.0227323635,93876.53935947576,1378.143861684138
2020-07-26 13:00:00+00:00,149.3,0.11,1.55,11.69,8.31,0.08,17.393,520.3418384528602,63.59383493504394,2177880.44532569,93929.9388007501,1315.011695454512
2020-07-26 14:00:00+00:00,154.0,0.1,1.53,11.56,8.29,0.08,18.039,497.22394001272875,65.96405882285069,2179487.266230851,93983.4336032374,1315.9818994376199
2020-07-26 15:00:00+00:00,152.8,0.1,1.51,11.49,8.29,0.08,18.38,484.0588691072997,67.19476888734764,2181098.412042922,94037.02804444285,1316.9547148143793
2020-07-26 16:00:00+00:00,152.6,0.1,1.51,11.28,8.23,0.08,18.394,489.5495196141905,66.77795885059271,2182713.802746597,94090.7261650505,1317.9300932712733
2020-07-26 17:00:00+00:00,150.5,0.11,1.54,11.48,8.13,0.08,17.861,521.2884306039789,63.753899547009716,2184333.3517161952,94144.53176892306,1318.9079825034178
2020-07-26 18:00:00+00:00,149.3,0.12,1.6,11.51,8.04,0.08,17.145,543.0928582484522,61.144679634386044,2185956.9657156547,94198.4484231021,1319.8883262145594
2020-07-26 19:00:00+00:00,147.6,0.14,1.66,11.44,7.95,0.08,16.76,553.4195037018184,59.61895724203255,2187584.544898537,94316.91219264288,1385.303798952054
2020-07-26 20:00:00+00:00,146.8,0.15,1.69,11.47,7.89,0.08,16.417,560.1443697603223,58.42872839996762,2189215.982808024,94435.54148819803,1386.3369188554823
2020-07-26 21:00:00+00:00,146.4,0.15,1.72,11.62,7.88,0.08,16.252,563.16957325523,57.84915345172899,2190851.1663769213,94554.33927666939,1387.372410724933
2020-07-26 22:00:00+00:00,146.1,0.16,1.72,11.41,7.88,0.08,16.059,566.6143577317046,57.05978736478601,2192489.9759276556,94673.30828461259,1388.4101987737122
2020-07-26 23:00:00+00:00,145.8,0.17,1.75,11.53,7.87,0.08,15.854,569.425232482407,56.28331353239683,2194132.285172274,94730.48477903755,1389.4502030290585
2020-07-27 00:00:00+00:00,145.3,0.18,1.78,11.57,7.88,0.08,15.675999999999998,571.2110029950272,55.71421741156932,2195777.9612124474,94787.79497127523,1390.4923393321387
2020-07-27 01:00:00+00:00,144.7,0.18,1.78,11.64,7.88,0.08,15.577,572.2741498377438,55.36893468497715,2197426.864539467,94845.24086375479,1391.5365193380505
2020-07-27 02:00:00+00:00,143.9,0.18,1.79,11.65,7.9,0.08,15.46,573.3997026289879,54.89487362417749,2199078.849034246,94902.82421053185,1392.5826505158216
2020-07-27 03:00:00+00:00,143.6,0.17,1.81,11.75,7.89,0.08,15.285,574.4770304632463,54.21056108642568,2200733.761967321,94960.54651728863,1393.6306361484085
2020-07-27 04:00:00+00:00,143.5,0.16,1.8,11.79,7.88,0.08,15.093,575.0922999227934,53.509044025842854,2202391.443998848,95018.40904133378,1394.6803753326997
2020-07-27 05:00:00+00:00,141.9,0.17,1.78,11.71,7.9,0.08,14.880999999999998,564.8277593378481,52.755256389642575,2204051.729178607,95022.3146612545,1341.6336326314681
2020-07-27 06:00:00+00:00,140.9,0.16,1.79,11.97,7.95,0.08,14.728,565.2538600544866,52.35529266255268,2205714.444945998,95026.32145684291,1342.6457483479492
2020-07-27 07:00:00+00:00,140.3,0.15,1.77,12.26,8.04,0.08,14.696,565.6805377369953,52.372740998263374,2207379.412130043,95082.35045891596,1343.6592345296801
2020-07-27 08:00:00+00:00,141.5,0.15,1.75,12.32,8.11,0.08,14.683,566.1077447755724,52.70623059313971,2209046.4449493876,95138.51669033588,1344.6739780892456
2020-07-27 09:00:00+00:00,143.1,0.13,1.71,12.36,8.21,0.08,15.19,575.5651241792632,55.02964006289874,2210715.351012297,95249.08185392588,1399.9515498958704
2020-07-27 10:00:00+00:00,145.2,0.12,1.64,12.25,8.29,0.08,15.951,567.2158859046757,58.22101948657313,2212385.931316659,95359.82504195318,1401.0094570050992
2020-07-27 11:00:00+00:00,147.9,0.1,1.57,12.08,8.34,0.08,16.837,543.4033658576438,62.36867301946081,2214057.9802499837,95405.53334901766,1336.8558153373397
2020-07-27 12:00:00+00:00,151.2,0.1,1.52,11.95,8.35,0.08,17.762,513.0787586960402,65.8553986667795,2215731.285589403,95451.36929811297,1337.866162850274
2020-07-27 13:00:00+00:00,154.0,0.09,1.51,11.56,8.3,0.08,18.471,487.4581644008054,68.25806927834569,2217405.628501669,95497.331944002,1338.8771368532575
2020-07-27 14:00:00+00:00,152.5,0.1,1.53,11.59,8.28,0.08,18.245,504.21951125684353,66.83192835539752,2219080.783543158,95544.01092825606,1339.8886012226565
2020-07-27 15:00:00+00:00,151.0,0.1,1.56,11.79,8.23,0.08,18.207,503.4628688061801,66.96600472316861,2220756.518659866,95591.11090268266,1340.9004158434657
2020-07-27 16:00:00+00:00,152.1,0.1,1.57,11.54,8.17,0.08,17.994,509.41816559235866,66.4708979081038,2222432.5951874116,95638.33517668657,1341.9124366093115
2020-07-27 17:00:00+00:00,152.0,0.1,1.56,11.25,8.15,0.08,18.006,516.713045376847,65.82234381845522,2224108.7678510356,95685.68194411056,1342.9245154224518
2020-07-27 18:00:00+00:00,150.9,0.12,1.61,11.48,8.06,0.08,17.583,533.1136185300963,64.13543536594777,2225784.7847656,95733.14915726351,1343.9365001937751
2020-07-27 19:00:00+00:00,150.2,0.13,1.65,11.44,7.96,0.08,17.31,543.5199648357169,62.94305341148739,2227460.387435589,95780.73452695282,1344.9482348428003
2020-07-27 20:00:00+00:00,149.7,0.14,1.67,11.39,7.9,0.08,17.024,552.5818664142575,61.77356411339058,2229135.3107551085,95894.09208638493,1411.616123165857
2020-07-27 21:00:00+00:00,148.9,0.15,1.7,11.43,7.86,0.08,16.78,559.2397091485876,60.811944076912496,2230809.283007886,96007.61180448119,1412.6761782510516
2020-07-27 22:00:00+00:00,148.2,0.15,1.72,11.54,7.85,0.08,16.576,564.1563559907435,60.02588556892018,2232482.0258672703,96121.29063152886,1413.7354548139529
2020-07-27 23:00:00+00:00,147.6,0.16,1.73,11.49,7.85,0.08,16.371,568.8781035583795,59.15790139748323,2234153.254396233,96235.12526805108,1414.7937724161172
2020-07-28 00:00:00+00:00,147.2,0.16,1.76,11.39,7.85,0.08,16.152,572.9354462223487,58.28127838627633,2235822.677047367,96349.11216464457,1415.8509464330327
2020-07-28 01:00:00+00:00,146.4,0.16,1.79,11.5,7.85,0.08,15.93,576.1979257264243,57.43049225882099,2237489.9956628876,96463.24752181735,1416.9067880541168
2020-07-28 02:00:00+00:00,145.4,0.16,1.81,11.49,7.85,0.08,15.693,579.0360785787241,56.45871074301777,2239154.9054746307,96661.63576313456,1417.9611042827164
2020-07-28 03:00:00+00:00,144.3,0.17,1.82,11.61,7.86,0.08,15.429,580.9985195556833,55.47448463683458,2240817.0951040545,96860.22298500141,1419.0136979361089
2020-07-28 04:00:00+00:00,143.0,0.17,1.81,11.76,7.86,0.08,15.164,582.0501378162561,54.46604042866336,2242476.2465622397,97059.0048061566,1420.0643676455015
2020-07-28 05:00:00+00:00,142.2,0.16,1.82,11.72,7.86,0.08,14.901,575.0990561373355,53.52355524272756,2244132.0352498875,97202.89470186284,1366.0310122026972
2020-07-28 06:00:00+00:00,140.9,0.16,1.81,11.97,7.92,0.08,14.695,575.5224350169965,52.987405403096204,2245784.1299573225,97346.92914001981,1367.0366627482101
2020-07-28 07:00:00+00:00,141.8,0.15,1.79,12.26,8.03,0.08,14.684,575.9447806755758,53.20852805504184,2247432.1928644893,97491.10309359267,1368.039859086878
2020-07-28 08:00:00+00:00,145.6,0.14,1.77,12.4,8.12,0.09,14.879,576.366004846602,54.19725727185013,2249075.8795409556,97635.41129491232,1369.0403915596246
2020-07-28 09:00:00+00:00,144.7,0.13,1.71,12.36,8.21,0.08,15.274,582.1488983716783,56.08291164975444,2250714.8389459103,97750.5674908267,1425.2815160998239
2020-07-28 10:00:00+00:00,144.0,0.12,1.66,12.3,8.28,0.08,15.93,574.6974370760222,58.90334599393914,2252348.713428165,97865.82667113145,1426.3161789806509
2020-07-28 11:00:00+00:00,147.5,0.11,1.6,12.0,8.33,0.08,16.78,551.5765693957394,63.04799048302047,2253977.138726151,97861.89139126879,1360.9591403759243
2020-07-28 12:00:00+00:00,150.3,0.09,1.55,11.87,8.37,0.08,17.845,509.47996545157974,67.73678495740424,2255599.743967924,97857.96063448882,1361.9388749957088
2020-07-28 13:00:00+00:00,152.6,0.09,1.51,11.69,8.38,0.08,18.745,458.3007694222835,72.02929205992446,2257216.1516711595,97854.02765364644,1362.914867520431
2020-07-28 14:00:00+00:00,155.9,0.09,1.48,11.34,8.38,0.08,19.534,403.9554308310854,75.90283650558551,2258825.977743156,97850.08546034999,1363.8868860335988
2020-07-28 15:00:00+00:00,157.2,0.1,1.46,11.23,8.35,0.08,19.914,386.06762592831944,77.1297825439817,2260428.8314808323,97909.79256142677,1364.8546946273498
2020-07-28 16:00:00+00:00,157.5,0.08,1.48,11.16,8.24,0.08,20.03,384.1410234571847,77.30944643608143,2262024.3155707316,97969.52166988546,1365.8180534024525
2020-07-28 17:00:00+00:00,156.7,0.09,1.59,11.14,8.13,0.08,19.656,423.16125764899215,74.77322339942886,2263612.026089016,97965.50749933191,1366.7767184683062
2020-07-28 18:00:00+00:00,155.2,0.09,1.66,11.22,8.06,0.08,19.236,449.55825683487126,72.96064987063248,2265191.5525014712,97961.45375418615,1367.7304419429424
2020-07-28 19:00:00+00:00,155.5,0.1,1.68,11.09,8.0,0.08,18.998,464.02505917911884,71.93812829113179,2266762.477663504,97957.35224274428,1368.678971953022
2020-07-28 20:00:00+00:00,154.4,0.11,1.67,11.16,7.96,0.08,18.663,489.445137702466,69.97234793030378,2268324.3778201435,98006.76231060535,1369.6220526338377
2020-07-28 21:00:00+00:00,153.5,0.12,1.69,11.18,7.93,0.08,18.225,512.2886116316902,68.01897457876495,2269876.8226060397,98057.1097499619,1370.559424129313
2020-07-28 22:00:00+00:00,152.1,0.13,1.72,11.17,7.9,0.08,17.88,528.1927507906604,66.51757531286644,2271419.3750454653,98108.38858778117,1371.4908225920021
2020-07-28 23:00:00+00:00,149.4,0.13,1.72,11.24,7.91,0.08,17.573,540.489144093602,65.2396944506542,2272951.5915523143,98160.5925831915,1372.4159801830897
2020-07-29 00:00:00+00:00,147.0,0.13,1.74,11.28,7.91,0.08,17.355,547.3800037522734,64.48328200278839,2274473.021930103,98213.71522349115,1373.3346250723928
2020-07-29 01:00:00+00:00,140.6,0.12,1.73,11.28,7.92,0.08,17.301,550.7323793326711,64.12667460445846,2275983.209371969,98267.74972015675,1374.2464814383582
2020-07-29 02:00:00+00:00,139.3,0.12,1.67,11.31,7.92,0.08,17.073,559.7437793375941,62.96604878242602,2277481.690460671,98389.7695545822,1442.2318191982138
2020-07-29 03:00:00+00:00,137.9,0.14,1.66,11.33,7.89,0.08,16.724,570.0845368655447,61.376355164136676,2278956.4558922146,98512.7232949267,1443.1657251172535
2020-07-29 04:00:00+00:00,134.5,0.14,1.66,11.43,7.87,0.08,16.325,578.3180989381547,59.77405312897341,2280398.0459578936,98636.5899326489,1444.0786224949452
2020-07-29 05:00:00+00:00,131.3,0.13,1.63,11.52,7.87,0.07,15.969,583.7058545108694,58.37714275076515,2281811.5385751603,98761.35167483553,1444.9737269593902
2020-07-29 06:00:00+00:00,128.3,0.13,1.62,11.67,7.9,0.07,15.682,586.5306115622344,57.398691810180274,2283201.6971892375,98886.99374505966,1445.854054996868
2020-07-29 07:00:00+00:00,127.3,0.12,1.62,11.92,7.99,0.07,15.565,473.9562793105059,71.81206231563948,2284572.962242564,98946.21476402043,1379.4330037335285
2020-07-29 08:00:00+00:00,1.9,1.51,4.59,7.93,7.67,0.0,18.223,583.9182861227274,58.62207947259086,2285929.451174796,99072.9428882681,1447.5814250167437
2020-07-29 09:00:00+00:00,128.3,0.13,1.53,12.0,7.98,0.07,15.987,580.6966614161972,59.62193204919735,2287274.958422806,99199.55872581447,1448.433477252408
2020-07-29 10:00:00+00:00,133.9,0.1,1.67,12.08,8.13,0.08,16.555999999999997,567.567696661045,62.29083530864745,2288612.9554206827,99326.05470494037,1449.2807735676374
2020-07-29 11:00:00+00:00,137.9,0.09,1.61,11.98,8.23,0.08,17.348,536.194014777898,66.40959997332676,2289946.5905997325,99331.60038043678,1382.6776189978182
2020-07-29 12:00:00+00:00,143.5,0.08,1.56,11.69,8.3,0.08,18.316,489.1164700958797,70.84027377320142,2291278.6893884772,99336.93846357582,1383.4819448231683
2020-07-29 13:00:00+00:00,148.5,0.08,1.52,11.37,8.38,0.08,19.152,434.52926738382934,75.00123462798076,2292611.754212657,99406.21362206533,1384.2868539440328
2020-07-29 14:00:00+00:00,151.6,0.07,1.48,11.16,8.32,0.08,19.828,393.2229603026545,77.82739405431988,2293947.964495226,99475.32538493119,1385.09366230348
2020-07-29 15:00:00+00:00,152.5,0.17,1.48,10.99,8.21,0.08,19.919,394.9334080834916,77.76244479876958,2295289.176656358,99544.2741609312,1385.903490814388
2020-07-29 16:00:00+00:00,153.5,0.08,1.47,10.94,8.18,0.08,19.949,386.62235864856245,78.34772281728078,2296636.924113441,99613.06133301937,1386.7172653594453
2020-07-29 17:00:00+00:00,155.0,0.08,1.46,10.93,8.21,0.08,19.942,397.04255684847175,77.71835236635086,2297992.417281081,99681.6890673071,1387.5357167911484
2020-07-29 18:00:00+00:00,154.4,0.09,1.5,10.9,8.12,0.08,19.667,421.0153993059482,76.16871847050237,2299356.5435710996,99750.16012202435,1388.359380931805
2020-07-29 19:00:00+00:00,153.7,0.1,1.52,10.75,8.03,0.08,19.403,441.30461085470347,74.80890791467463,2300729.8673925367,99754.04492164582,1389.1885985735316
2020-07-29 20:00:00+00:00,154.2,0.11,1.55,10.77,7.94,0.08,19.133,460.51976415354363,73.46274846629528,2302112.630151647,99757.7315182686,1390.0235154782551
2020-07-29 21:00:00+00:00,154.2,0.12,1.58,10.77,7.9,0.08,18.89,478.1596936169017,72.16424177835422,2303504.750251903,99761.22318992138,1390.8640823777114
2020-07-29 22:00:00+00:00,152.8,0.12,1.6,10.82,7.86,0.08,18.521,503.70130061706806,70.10768146531464,2304905.8230939936,99764.52304612112,1391.7100549734464
2020-07-29 23:00:00+00:00,151.9,0.13,1.64,10.86,7.88,0.08,18.134,514.7720591245459,68.51891926424584,2306315.1210758234,99597.80932557317,1222.7364824811063
2020-07-30 00:00:00+00:00,148.8,0.13,1.67,10.9,7.88,0.08,17.863,515.0882173405014,67.31892742565786,2307731.593592515,99430.80443835622,1223.487452115205
2020-07-30 01:00:00+00:00,147.8,0.13,1.7,10.98,7.91,0.08,17.625,515.2997306951805,66.30078708187648,2308679.2294238685,99263.25777815162,1223.9898591334454
2020-07-30 02:00:00+00:00,147.6,0.13,1.7,11.08,7.91,0.08,17.438,515.6178409361916,65.51084878066237,2310104.4475296466,99095.42059304244,1224.7454654066307
2020-07-30 03:00:00+00:00,146.2,0.13,1.7,11.13,7.89,0.08,17.248,515.9365747557808,64.60092909255577,2311532.459432559,98927.2925097581,1225.5025528640874
2020-07-30 04:00:00+00:00,145.7,0.13,1.71,11.1,7.91,0.08,17.009,544.9362907171829,63.59504479790181,2312961.03018419,98826.99762306479,1294.3854886393892
2020-07-30 05:00:00+00:00,145.5,0.13,1.69,11.32,7.94,0.08,16.776,545.272392645743,62.57915293061171,2314387.601833339,98780.54782094578,1295.1838305124536
2020-07-30 06:00:00+00:00,144.6,0.12,1.69,11.43,7.97,0.08,16.575,545.6073448273622,61.84174856907653,2315809.2934260215,98733.881513993,1295.9794413951595
2020-07-30 07:00:00+00:00,143.9,0.12,1.7,11.56,8.04,0.08,16.452,545.9403924061247,61.593321679315714,2317222.901005471,98686.9928077439,1296.7705282805812
2020-07-30 08:00:00+00:00,144.0,0.11,1.68,11.82,8.16,0.08,16.585,546.2707044262861,62.634544491897785,2318624.8976121373,98639.87394705675,1297.5551174021045
2020-07-30 09:00:00+00:00,145.5,0.1,1.62,11.77,8.29,0.08,16.998,517.8290909989955,64.88748420944013,2320011.433283686,98469.92023801361,1229.9978408527209
2020-07-30 10:00:00+00:00,148.0,0.09,1.56,11.89,8.4,0.08,17.672,518.1341849703311,68.26113252321088,2321378.335055,98299.63331062924,1230.722529620739
